SaReine/includes/Alpes50.asc
ncols        447
nrows        526
xllcorner    932775.000000000000
yllcorner    6439250.000000000000
cellsize     50.000000000000
NODATA_value  -99999
[rows 300 to 319 of 526, columns 315 to 359 of 447]
1928.6800537109375 1892.780029296875 1867.800048828125 1844.6700439453125 1824.1300048828125 1806.489990234375 1777.6500244140625 1764.1199951171875 1731.030029296875 1738.3499755859375 1776.760009765625 1819.1400146484375 1845.0699462890625 1865.77001953125 1901.75 1932.199951171875 1964.949951171875 2002.7099609375 2012.3299560546875 1991.1300048828125 1977.3599853515625 1953.5999755859375 1915.1400146484375 1875.9000244140625 1850.780029296875 1817.8199462890625 1783.4599609375 1748.81005859375 1762.77001953125 1796.300048828125 1824.75 1855.1300048828125 1871.199951171875 1874.3699951171875 1874.18994140625 1874.6099853515625 1878.7099609375 1880.9599609375 1884.56005859375 1883.1500244140625 1883.1099853515625 1900.3399658203125 1916.7900390625 1937.7900390625 1959.4100341796875
1916.489990234375 1884.030029296875 1856.9000244140625 1830.52001953125 1807.239990234375 1789.6500244140625 1766.06005859375 1741.5 1715.6199951171875 1722.969970703125 1756.699951171875 1801.27001953125 1819.719970703125 1862.6300048828125 1900.030029296875 1931.3800048828125 1964.6099853515625 2001.8800048828125 1998.010009765625 1970.31005859375 1948.5999755859375 1925.0899658203125 1882.239990234375 1844.989990234375 1820.780029296875 1792.97998046875 1755.6199951171875 1746.489990234375 1788.280029296875 1827.06005859375 1853.22998046875 1872.050048828125 1888.52001953125 1900.2099609375 1894.6600341796875 1892.3399658203125 1892.5899658203125 1896.4000244140625 1897.800048828125 1897.1199951171875 1893.9300537109375 1887.6800537109375 1900.3599853515625 1919.260009765625 1936.530029296875
1908.800048828125 1880.280029296875 1855.6300048828125 1824.4300537109375 1797.719970703125 1777.8399658203125 1761.9000244140625 1742.77001953125 1712.489990234375 1707.8900146484375 1738.68994140625 1765.239990234375 1790.4000244140625 1831.47998046875 1876.050048828125 1913.7099609375 1944.43994140625 1989.2099609375 1983.2900390625 1954.3900146484375 1911.530029296875 1874.8199462890625 1849.9300537109375 1816.81005859375 1794.8699951171875 1764.219970703125 1738.469970703125 1766.9000244140625 1809.4300537109375 1842.9200439453125 1870.0699462890625 1889.3399658203125 1907.52001953125 1918.4599609375 1911.93994140625 1910.6099853515625 1910.1700439453125 1911.8699951171875 1910.3299560546875 1908.47998046875 1916.6800537109375 1912.969970703125 1906.2900390625 1905.280029296875 1913.219970703125
1898.239990234375 1876.81005859375 1856.4200439453125 1827.300048828125 1793.8299560546875 1774.6199951171875 1759.1400146484375 1742.489990234375 1718.719970703125 1690.6199951171875 1705.4200439453125 1731.8599853515625 1770.56005859375 1816.949951171875 1854.6700439453125 1874.18994140625 1914.5799560546875 1970.4300537109375 1961.8299560546875 1927.6500244140625 1886.77001953125 1846.260009765625 1810.550048828125 1788.010009765625 1761.6500244140625 1734.5899658203125 1756.31005859375 1794.239990234375 1828.300048828125 1855.780029296875 1884.719970703125 1909.3299560546875 1923.8900146484375 1925.93994140625 1928.300048828125 1932.719970703125 1933.1500244140625 1933.8499755859375 1930.719970703125 1928.75 1934.75 1936.0999755859375 1937.3900146484375 1928.3599853515625 1926.2099609375
1888.510009765625 1864.3699951171875 1839.4300537109375 1822.949951171875 1798.5699462890625 1767.199951171875 1748.1700439453125 1728.77001953125 1715.6700439453125 1688.4000244140625 1685.3199462890625 1724.3299560546875 1762.43994140625 1792.510009765625 1822.3699951171875 1836.449951171875 1884.5 1950.06005859375 1941.25 1893.7099609375 1859.1199951171875 1820.5999755859375 1786.8399658203125 1758.4599609375 1729.6500244140625 1758.6700439453125 1787.25 1818.7099609375 1846.9100341796875 1872.219970703125 1900.050048828125 1922.3699951171875 1927.31005859375 1926.18994140625 1936.31005859375 1954.6400146484375 1960.3599853515625 1959.1700439453125 1950.030029296875 1948.5699462890625 1954.2099609375 1959.02001953125 1963.2900390625 1959.1199951171875 1966.5799560546875
1873.8499755859375 1854.31005859375 1829.2099609375 1813.3800048828125 1782.760009765625 1750.5799560546875 1727.1600341796875 1706.25 1701.0699462890625 1676.4300537109375 1678.8800048828125 1710.31005859375 1735.1199951171875 1763.260009765625 1794.449951171875 1820.81005859375 1864.8499755859375 1924.81005859375 1927.1300048828125 1880.780029296875 1839.6500244140625 1796.8699951171875 1764.1600341796875 1728.4200439453125 1751.8299560546875 1783.800048828125 1811.699951171875 1838.1199951171875 1867.760009765625 1890.6700439453125 1909.1300048828125 1919.68994140625 1920.3599853515625 1924.2900390625 1943.5400390625 1966.72998046875 1974.6800537109375 1977.6700439453125 1970.4200439453125 1968.550048828125 1976.8599853515625 1984.9599609375 1992.260009765625 1999.75 2004.6300048828125
1853.3199462890625 1849.3900146484375 1825.780029296875 1797.31005859375 1767.489990234375 1739.3199462890625 1711.6700439453125 1687.219970703125 1678.56005859375 1663.530029296875 1675.9200439453125 1699.72998046875 1716.3599853515625 1741.989990234375 1774.199951171875 1809.719970703125 1847.5799560546875 1904.1500244140625 1914.25 1873.760009765625 1839.6700439453125 1796.3599853515625 1749.81005859375 1714.719970703125 1758.6800537109375 1790.8900146484375 1822.9300537109375 1858.1800537109375 1881.4100341796875 1898.949951171875 1910.699951171875 1913.6199951171875 1912.2900390625 1925.8299560546875 1949.9200439453125 1969.43994140625 1981.6800537109375 1984.5999755859375 1984.9000244140625 1987.97998046875 1998.010009765625 2009.510009765625 2022.0400390625 2033.8399658203125 2023.699951171875
1830.7900390625 1825.3699951171875 1808.5400390625 1777.93994140625 1753.280029296875 1731.8599853515625 1703.050048828125 1667.6300048828125 1657.719970703125 1654.6300048828125 1677.3699951171875 1697.6500244140625 1714.3699951171875 1734.1400146484375 1762.77001953125 1799.530029296875 1839.25 1895.199951171875 1903.6800537109375 1854.699951171875 1814.8800048828125 1772.47998046875 1727.9000244140625 1717.4100341796875 1761.050048828125 1796.6600341796875 1829.31005859375 1866.300048828125 1883.5899658203125 1895.719970703125 1901.449951171875 1904.3599853515625 1908.8900146484375 1925.4300537109375 1949.5799560546875 1971.239990234375 1979.6600341796875 1984.699951171875 1990.81005859375 1999.800048828125 2014.75 2029.530029296875 2049.06005859375 2048.239990234375 2046.1700439453125
1810.010009765625 1794.030029296875 1779.8399658203125 1754.5400390625 1734.1199951171875 1707.489990234375 1681.9599609375 1651.1400146484375 1648.800048828125 1669.97998046875 1688.06005859375 1703.02001953125 1718.75 1732.9100341796875 1755.050048828125 1793.6300048828125 1834 1888.8199462890625 1891.699951171875 1842.93994140625 1799.949951171875 1759.3599853515625 1706.43994140625 1721.77001953125 1764.6199951171875 1800.030029296875 1837.8299560546875 1865.260009765625 1873.8199462890625 1882.3699951171875 1887.8800048828125 1891.3599853515625 1905.5699462890625 1924.1600341796875 1941.8699951171875 1965.0699462890625 1973.949951171875 1980.22998046875 1992.1300048828125 2008.3599853515625 2028.739990234375 2051.6298828125 2066.25 2063.260009765625 2064.800048828125
1789.22998046875 1768.8800048828125 1755.7900390625 1734.4100341796875 1721.1500244140625 1696.489990234375 1664.4300537109375 1642.72998046875 1654.56005859375 1671.780029296875 1689.27001953125 1699.8299560546875 1715.0699462890625 1731.93994140625 1748.489990234375 1790.52001953125 1830.0899658203125 1886.52001953125 1876.25 1828.6099853515625 1782.5400390625 1743.8800048828125 1690.8699951171875 1724.7099609375 1765.2900390625 1801.0699462890625 1840.52001953125 1857.719970703125 1862.4599609375 1868.969970703125 1871.3800048828125 1882.5899658203125 1899.6800537109375 1917.4100341796875 1935.4599609375 1955.3299560546875 1962.8399658203125 1974.3800048828125 1992.9100341796875 2014.219970703125 2041.2900390625 2068.800048828125 2074.080078125 2074.18994140625 2078.1298828125
1776.0999755859375 1748.3199462890625 1734.760009765625 1717.3699951171875 1704.800048828125 1684.5400390625 1649.550048828125 1630.1099853515625 1647.43994140625 1669.8299560546875 1690.72998046875 1700.4300537109375 1713.1600341796875 1731.5999755859375 1749.510009765625 1783.260009765625 1823.050048828125 1880.02001953125 1870.3499755859375 1819.6400146484375 1773.800048828125 1729.0699462890625 1685.8900146484375 1734.0999755859375 1766.3599853515625 1802.8299560546875 1836.300048828125 1849.4000244140625 1853.7099609375 1858.1600341796875 1855.449951171875 1874.75 1892.219970703125 1911.4599609375 1926.6199951171875 1941.8699951171875 1953.2099609375 1970.31005859375 1992.0699462890625 2017.6700439453125 2050.6298828125 2074.77001953125 2078.2900390625 2082.010009765625 2088.39990234375
1761.8199462890625 1738.949951171875 1717.469970703125 1703.9200439453125 1693.489990234375 1670.4200439453125 1644.3599853515625 1622.050048828125 1641.510009765625 1662.68994140625 1684.25 1698.3499755859375 1715.3699951171875 1733.9000244140625 1754.0799560546875 1780.469970703125 1820.800048828125 1874.8800048828125 1844.030029296875 1796.739990234375 1752.989990234375 1704.7099609375 1686.2099609375 1725.5799560546875 1761.2900390625 1800.030029296875 1830.8900146484375 1840.7099609375 1842.8900146484375 1843.5999755859375 1847.2900390625 1862.9000244140625 1887.1300048828125 1905.739990234375 1915.81005859375 1926.2900390625 1944.489990234375 1965.3599853515625 1989.3900146484375 2019.260009765625 2052.639892578125 2073.0400390625 2079.320068359375 2087.590087890625 2097.840087890625
1745.739990234375 1723.050048828125 1703.18994140625 1690.719970703125 1675.9300537109375 1655.8699951171875 1640.780029296875 1612.739990234375 1628.9200439453125 1650.25 1671.31005859375 1690.18994140625 1711.31005859375 1734.3399658203125 1756.8699951171875 1783.0899658203125 1821.8299560546875 1854.4100341796875 1815.489990234375 1768.3199462890625 1729.0699462890625 1683.760009765625 1692.4599609375 1726.0400390625 1757.510009765625 1797.4100341796875 1824.280029296875 1829.0699462890625 1830.6700439453125 1828.97998046875 1840.3299560546875 1853.530029296875 1879.969970703125 1893.050048828125 1905.72998046875 1918.97998046875 1937.469970703125 1958.6800537109375 1984.010009765625 2016.6500244140625 2053.43994140625 2070.179931640625 2080.1298828125 2092.449951171875 2104.330078125
1734.010009765625 1708.6099853515625 1693.3900146484375 1681.530029296875 1667.8199462890625 1652.72998046875 1636.2099609375 1605.510009765625 1616.2099609375 1636.8599853515625 1658.1500244140625 1678.300048828125 1703.739990234375 1733.4300537109375 1761.8299560546875 1795.3699951171875 1832.280029296875 1828.0400390625 1778.6300048828125 1744.5899658203125 1702.0899658203125 1674.6700439453125 1704.93994140625 1735.8199462890625 1765.449951171875 1798.2099609375 1814.8199462890625 1814.8499755859375 1817.3399658203125 1820.0899658203125 1828.56005859375 1842.6800537109375 1861.3699951171875 1875.9100341796875 1896.1099853515625 1910.5999755859375 1929.8299560546875 1951.1199951171875 1978.530029296875 2009.72998046875 2048.7900390625 2065.860107421875 2080.06005859375 2095.030029296875 2109.280029296875
1730.030029296875 1704.0799560546875 1686.4300537109375 1672.31005859375 1655.8499755859375 1641.3800048828125 1631.6800537109375 1606.4300537109375 1602.8900146484375 1625.7900390625 1648.93994140625 1668.5999755859375 1694.2900390625 1731.199951171875 1769.4300537109375 1809.4100341796875 1839.81005859375 1801.300048828125 1761.52001953125 1725.25 1681.8699951171875 1682.8399658203125 1721.8800048828125 1748.9300537109375 1773.8800048828125 1795.9300537109375 1801.5899658203125 1800.719970703125 1804.2099609375 1807.7900390625 1814.7099609375 1821.3399658203125 1830.81005859375 1855.3800048828125 1882.449951171875 1897.25 1918.0999755859375 1941.1199951171875 1968.31005859375 2001.47998046875 2039.550048828125 2058.97998046875 2079.4599609375 2097.489990234375 2114.719970703125
1725.5 1704.47998046875 1684.969970703125 1666.739990234375 1647.3299560546875 1636.1300048828125 1625.1800537109375 1606.81005859375 1586.4200439453125 1615.27001953125 1643.68994140625 1661.719970703125 1688.25 1722.4300537109375 1764.1300048828125 1806.0899658203125 1840.22998046875 1796.2099609375 1752.2099609375 1703.6800537109375 1665.31005859375 1691.81005859375 1732.6199951171875 1754.9200439453125 1779.5400390625 1789.1600341796875 1787.7900390625 1790.56005859375 1790.77001953125 1807.050048828125 1819.3299560546875 1841.030029296875 1862.75 1880.9000244140625 1897.5799560546875 1915.02001953125 1916.06005859375 1928.97998046875 1960.43994140625 1996.6099853515625 2035.43994140625 2058.110107421875 2081.0400390625 2100.419921875 2121.090087890625
1717.1600341796875 1699.010009765625 1683.8299560546875 1668.6099853515625 1645.5400390625 1628.6800537109375 1616.2900390625 1599.1500244140625 1578.1800537109375 1604.280029296875 1630.9300537109375 1653.780029296875 1689.2099609375 1727.3499755859375 1766.1099853515625 1805.550048828125 1826.9000244140625 1779.030029296875 1734.1099853515625 1689.1700439453125 1655.6500244140625 1695.81005859375 1736.760009765625 1757.5899658203125 1778.8399658203125 1781.7099609375 1778.9000244140625 1786.4100341796875 1788.0400390625 1804.260009765625 1819.760009765625 1841.8299560546875 1864.219970703125 1882.699951171875 1901.1300048828125 1922.2099609375 1942.1199951171875 1956.8900146484375 1970.3599853515625 2010.68994140625 2040.5400390625 2061.22998046875 2084.72998046875 2106.139892578125 2127.199951171875
1710.5400390625 1688.97998046875 1675.030029296875 1663.1099853515625 1644.9000244140625 1624.3800048828125 1607.3800048828125 1588.7900390625 1570.989990234375 1592.6800537109375 1613.8699951171875 1641.0400390625 1688.2900390625 1726.43994140625 1765.6199951171875 1808.8299560546875 1823.199951171875 1778.6199951171875 1738.8699951171875 1698.4000244140625 1648.9000244140625 1680.260009765625 1726.6199951171875 1754.7099609375 1772.1600341796875 1769.4000244140625 1771.25 1776.1500244140625 1788.6099853515625 1803.7900390625 1821.5 1846.1700439453125 1865.4000244140625 1886.9200439453125 1908.0699462890625 1930.219970703125 1954.1500244140625 1981.030029296875 2009.760009765625 2031.4100341796875 2036.31005859375 2062.9599609375 2088.39990234375 2111.580078125 2132.81005859375
1695.469970703125 1674.1800537109375 1658.68994140625 1651.1099853515625 1638.8599853515625 1623.3800048828125 1607.75 1587.739990234375 1567.0999755859375 1581.75 1599.719970703125 1629.5 1669.5899658203125 1714.8399658203125 1762.969970703125 1809.6300048828125 1836.800048828125 1793.31005859375 1738.9000244140625 1688.8499755859375 1644.949951171875 1666.0799560546875 1713.0999755859375 1748.0699462890625 1755.02001953125 1762.4599609375 1770.239990234375 1782.22998046875 1793.77001953125 1805.8599853515625 1824.6500244140625 1847.97998046875 1869.3499755859375 1891.3299560546875 1915 1940.75 1967.760009765625 1997.1700439453125 2032.06005859375 2047.949951171875 2060.909912109375 2066.9599609375 2088.72998046875 2113.22998046875 2136.97998046875
1686.949951171875 1667.02001953125 1652.8599853515625 1642.9200439453125 1633.6099853515625 1624.52001953125 1612.8800048828125 1592.3499755859375 1565.27001953125 1574.6500244140625 1600.5400390625 1625.1400146484375 1662.3599853515625 1710.3499755859375 1757.72998046875 1804.3299560546875 1809.6700439453125 1767.719970703125 1736.6099853515625 1684.1400146484375 1636.010009765625 1661.969970703125 1705.3199462890625 1738 1751.6300048828125 1760.4000244140625 1769.81005859375 1779.6099853515625 1786.9599609375 1801.93994140625 1825.050048828125 1849.8299560546875 1870.2099609375 1891.719970703125 1918.6199951171875 1948.4100341796875 1980.1099853515625 2014.6500244140625 2047.6800537109375 2060.780029296875 2074.280029296875 2087.18994140625 2103.739990234375 2122.93994140625 2140.389892578125
