SaReine/includes/Alpes250.asc
ncols        89
nrows        105
xllcorner    932775.000000000000
yllcorner    6439250.000000000000
cellsize     250.000000000000
NODATA_value  -99999
[rows 60 to 79 of 105, columns 0 to 44 of 89]
828.72998046875 1034.1500244140625 1063.4100341796875 1176.469970703125 1143.0699462890625 1189.5899658203125 1145.3399658203125 1029.300048828125 894.83001708984375 925.21002197265625 1004.32000732421875 1053.68994140625 1020.3499755859375 876.6500244140625 710.760009765625 710.0999755859375 710.719970703125 711.5 714.32000732421875 712.07000732421875 715.33001708984375 830.9000244140625 1081.4000244140625 1297.199951171875 1446.9000244140625 1382.760009765625 1340.780029296875 1414.739990234375 1462.06005859375 1534.030029296875 1689.719970703125 1832.780029296875 1948.530029296875 2008.47998046875 1968.1400146484375 1999.1099853515625 1914.1199951171875 2003.699951171875 2039.989990234375 2089.550048828125 2138.06005859375 2289.64990234375 2339.85009765625 2450.889892578125 2535.280029296875
960.5999755859375 1310.800048828125 1326.93994140625 1510.760009765625 1487.5799560546875 1457.469970703125 1345.199951171875 1286.260009765625 1198.8199462890625 1205.3499755859375 1224.4300537109375 1233.6500244140625 1097.760009765625 761.53997802734375 711.59002685546875 710.71002197265625 710.75 711.19000244140625 712.44000244140625 711.78997802734375 711.530029296875 838.010009765625 1095.68994140625 1243.550048828125 1429.9300537109375 1481.3599853515625 1476.3800048828125 1526.8499755859375 1607.6600341796875 1623.260009765625 1771.4200439453125 1891.6300048828125 1990.3800048828125 1975.780029296875 1966.1099853515625 1971.6099853515625 2003.449951171875 2031.72998046875 2051.669921875 2095.7099609375 2143.31005859375 2253.820068359375 2345.280029296875 2445.340087890625 2487.919921875
1156.760009765625 1426.800048828125 1639.5400390625 1786.530029296875 1715.3499755859375 1639.5 1554.25 1488.1800537109375 1510.22998046875 1416.3900146484375 1479.530029296875 1222.0999755859375 927.16998291015625 711.1400146484375 711.07000732421875 710.84002685546875 710.97998046875 711.33001708984375 711.46002197265625 711.77001953125 712.94000244140625 898.94000244140625 1132.010009765625 1310.5400390625 1417.949951171875 1576.56005859375 1623.5400390625 1656.97998046875 1773.75 1789.1099853515625 1888.22998046875 1994.5999755859375 1993.5699462890625 1930.25 1912.219970703125 1944.550048828125 1999.8599853515625 2058.110107421875 2088.679931640625 2108.159912109375 2165.679931640625 2255.3798828125 2337.570068359375 2328.300048828125 2470.030029296875
1232.969970703125 1552.219970703125 1827.510009765625 1878.9200439453125 2029.31005859375 1918.0400390625 1756.760009765625 1811.030029296875 1691.06005859375 1657.6500244140625 1489.06005859375 1129.4599609375 886.40997314453125 715.6500244140625 710.94000244140625 711.5 711.09002685546875 711.1400146484375 711.57000732421875 712.969970703125 744.5999755859375 964.780029296875 1149.8299560546875 1303.3399658203125 1405.8499755859375 1574.780029296875 1752.7900390625 1814.2900390625 1909.0999755859375 1962.6600341796875 1986.43994140625 2032.280029296875 1975.5799560546875 1891.2900390625 1888.5799560546875 1936.77001953125 1983.6300048828125 2031.7900390625 2052 2104.280029296875 2142.47998046875 2239.949951171875 2257.60009765625 2362.22998046875 2418.919921875
1199.6800537109375 1495.81005859375 1682.4300537109375 2015.6500244140625 2086.2099609375 2100.360107421875 1995.469970703125 2046.02001953125 1891.0999755859375 1600.18994140625 1534.7099609375 1134.989990234375 846.83001708984375 714.94000244140625 711.280029296875 711.40997314453125 711.04998779296875 711.29998779296875 711.65997314453125 712.27001953125 801.07000732421875 1103.6300048828125 1235.6700439453125 1374.4200439453125 1506.3199462890625 1603.699951171875 1761.300048828125 1915.9100341796875 2002.9200439453125 2053.89990234375 2085.5 2096.81005859375 1977.949951171875 1892.68994140625 1875.239990234375 1903.8299560546875 1950.6400146484375 1994.47998046875 2037.699951171875 2069.39990234375 2117.85009765625 2148.77001953125 2180.820068359375 2257.159912109375 2385.739990234375
1278.93994140625 1622.9599609375 1802.5999755859375 2098.85009765625 2316.5400390625 2298.9599609375 2162.590087890625 1909.9100341796875 1660.4100341796875 1463.5999755859375 1252.6099853515625 1088.3399658203125 871.03997802734375 762.33001708984375 711.58001708984375 711.6400146484375 711.34002685546875 711.54998779296875 712.030029296875 713.1500244140625 883.33001708984375 1158.6800537109375 1351.030029296875 1474.47998046875 1571.1400146484375 1666.8299560546875 1764.510009765625 1913.5 1977.0400390625 2050.81005859375 2075.3701171875 2065.510009765625 1964.52001953125 1889.3800048828125 1864.8900146484375 1880.4000244140625 1923.8199462890625 1968.550048828125 1998.010009765625 2019.550048828125 2038.1800537109375 2081.419921875 2098.6298828125 2177.75 2417.3798828125
1476.6300048828125 1632.9000244140625 1942.6800537109375 2212.85009765625 2409.449951171875 2336.389892578125 2077.610107421875 1811.5 1567.5 1466.2099609375 1299.0799560546875 1070.5799560546875 895.84002685546875 774.41998291015625 711.79998779296875 712.21002197265625 711.96002197265625 711.97998046875 712.83001708984375 762.010009765625 956.530029296875 1231.5899658203125 1424.25 1539.030029296875 1608.010009765625 1681.3499755859375 1768.5400390625 1919.1500244140625 1970.1099853515625 1986.9200439453125 1967.81005859375 2023.2900390625 1944.9599609375 1880.1300048828125 1852.27001953125 1870.8599853515625 1892.9000244140625 1929.0899658203125 1945.530029296875 1962.6400146484375 1991.530029296875 2026.0999755859375 2060.659912109375 2166.330078125 2315.580078125
1655.06005859375 1798.4100341796875 2128.300048828125 2395.530029296875 2385.8701171875 2280.610107421875 2080.409912109375 1747.5899658203125 1602.9100341796875 1545.6800537109375 1319.9599609375 1109.4100341796875 846.65997314453125 721.77001953125 711.47998046875 711.54998779296875 712.21002197265625 712.3499755859375 715.70001220703125 862.66998291015625 1075.31005859375 1317.56005859375 1500.010009765625 1579.0799560546875 1626.97998046875 1664.260009765625 1803.719970703125 1890.3800048828125 1949.4100341796875 1904.5699462890625 1853.25 1886.43994140625 1875.8599853515625 1846.9000244140625 1839.1600341796875 1834.9000244140625 1845.550048828125 1870.5899658203125 1889.02001953125 1923.8299560546875 1962.1600341796875 1976.239990234375 2050.659912109375 2109 2177.080078125
1927.7900390625 1965.5 2289.840087890625 2356.949951171875 2204.6298828125 2128.080078125 2007.81005859375 1696.949951171875 1562.5 1438.8900146484375 1187.0799560546875 1001.55999755859375 825.22998046875 712.280029296875 711.719970703125 712.19000244140625 712.53997802734375 712.77001953125 712.91998291015625 860.52001953125 1118.8299560546875 1352.5699462890625 1493.449951171875 1526.4100341796875 1576.0400390625 1672.1700439453125 1828.2099609375 1942.9599609375 1887.1099853515625 1775.050048828125 1747.3900146484375 1776.3900146484375 1803.449951171875 1816.239990234375 1818.949951171875 1812.2900390625 1818.469970703125 1846.47998046875 1868.4200439453125 1893.22998046875 1922.8599853515625 1953.4100341796875 1978.5799560546875 2021.6400146484375 2041.8699951171875
2154.6201171875 2262.389892578125 2317.669921875 2376.840087890625 2284.639892578125 2144.18994140625 1910.1300048828125 1658.93994140625 1505.6099853515625 1358.719970703125 1136.3399658203125 938.65997314453125 778.45001220703125 713.25 711.95001220703125 712.58001708984375 712.8599853515625 713.15997314453125 712.91998291015625 854.280029296875 1098.949951171875 1329.6600341796875 1411.77001953125 1500.3399658203125 1573.550048828125 1694.8599853515625 1835.1400146484375 1933.68994140625 1868.7900390625 1722.989990234375 1670.6500244140625 1707.260009765625 1759.280029296875 1788.739990234375 1805.7099609375 1802.3699951171875 1802.8299560546875 1822.22998046875 1848.449951171875 1865.510009765625 1885.47998046875 1902.5899658203125 1929.760009765625 1966.1700439453125 2001.4300537109375
2421.260009765625 2408.070068359375 2339.3798828125 2201.699951171875 2145.280029296875 2058.550048828125 1761.93994140625 1606.699951171875 1383.5799560546875 1263.2900390625 1061.0400390625 884.4000244140625 752.469970703125 716.72998046875 712.72998046875 712.760009765625 712.95001220703125 713.47998046875 712.91998291015625 803.21002197265625 1096.22998046875 1305.949951171875 1396.780029296875 1463.4200439453125 1561.989990234375 1710.989990234375 1888.530029296875 1946.27001953125 1811.5400390625 1668.719970703125 1612.739990234375 1646.4200439453125 1745.7900390625 1811.2900390625 1834.280029296875 1770.449951171875 1781.1400146484375 1808.1500244140625 1828.4100341796875 1849.7099609375 1853.6400146484375 1847.9100341796875 1878.3499755859375 1901.7099609375 1926.3699951171875
2453.8701171875 2369.219970703125 2349.72998046875 2208.7099609375 2088.510009765625 1916.739990234375 1631.4100341796875 1489.5699462890625 1295.1199951171875 1143.239990234375 992.8900146484375 857.8699951171875 765.25 716.71002197265625 713.53997802734375 712.6300048828125 712.77001953125 713.21002197265625 713.59002685546875 882.9000244140625 1131.5 1275.1600341796875 1363.52001953125 1470.4300537109375 1563.02001953125 1716.469970703125 1892.5400390625 1799.68994140625 1773.3800048828125 1658.510009765625 1545.68994140625 1596.5999755859375 1667.739990234375 1720.300048828125 1707.6700439453125 1648.989990234375 1670.6600341796875 1746.969970703125 1782.4100341796875 1821.9200439453125 1872.550048828125 1822.27001953125 1797.9100341796875 1820.47998046875 1832.739990234375
2462.4599609375 2316.5400390625 2204.860107421875 2109.860107421875 2001.5899658203125 1812.199951171875 1635.27001953125 1354.9300537109375 1211 1063.969970703125 1051.5 1015.989990234375 874.510009765625 712.53997802734375 712.95001220703125 713.260009765625 712.94000244140625 713.21002197265625 715.3499755859375 857.010009765625 1090.8900146484375 1220.8299560546875 1242.780029296875 1362.8499755859375 1474.52001953125 1657.719970703125 1753.3800048828125 1722.6600341796875 1620.0400390625 1571.4200439453125 1503.550048828125 1540.030029296875 1529.030029296875 1582.949951171875 1549.25 1507.050048828125 1535 1543.18994140625 1578.93994140625 1601.739990234375 1693.0400390625 1668.18994140625 1628.780029296875 1641 1699.9000244140625
2368.35009765625 2313.93994140625 2176.1201171875 2048.550048828125 1934.510009765625 1745.72998046875 1488.449951171875 1337.68994140625 1302.22998046875 1273.719970703125 1261.43994140625 1069.02001953125 900.55999755859375 712.70001220703125 712.47998046875 712.96002197265625 713.83001708984375 714.1500244140625 718.82000732421875 715.08001708984375 757.219970703125 825.59002685546875 1009.82000732421875 1061.5999755859375 1335.3499755859375 1543.4300537109375 1577.6700439453125 1589.1800537109375 1572.5799560546875 1458.5799560546875 1466.449951171875 1440.0699462890625 1359.02001953125 1398.1199951171875 1444.530029296875 1556.800048828125 1541.22998046875 1566.3699951171875 1556.27001953125 1596.27001953125 1580.2900390625 1585.449951171875 1621.989990234375 1703.25 1675.1300048828125
2340.659912109375 2291.330078125 2167.429931640625 1998.52001953125 1866.25 1754.1400146484375 1589.550048828125 1499.0999755859375 1473.8800048828125 1488.489990234375 1323.25 1111.530029296875 995.44000244140625 755 712.82000732421875 713.03997802734375 714.96002197265625 714.66998291015625 718.96002197265625 715.82000732421875 715.3900146484375 727.71002197265625 796.94000244140625 911.9000244140625 1106.72998046875 1435.1500244140625 1408.06005859375 1437.8399658203125 1415.2099609375 1430.8699951171875 1338.1400146484375 1297.43994140625 1494.280029296875 1602.81005859375 1675.1600341796875 1752.239990234375 1820.6800537109375 1792.3199462890625 1710.0699462890625 1724.449951171875 1714 1707.6600341796875 1741.75 1766.56005859375 1709.469970703125
2331.18994140625 2279.4599609375 2212.8798828125 2030.8900146484375 1838.030029296875 1700.6800537109375 1594.25 1558.9200439453125 1532.7099609375 1535.4100341796875 1407.8900146484375 1325 1084.9200439453125 879.25 714.780029296875 714.45001220703125 716.3499755859375 717.010009765625 722.6300048828125 717.97998046875 715.3599853515625 716.84002685546875 731.25 780.70001220703125 905.9000244140625 1164.7099609375 1295.300048828125 1256.0999755859375 1281.8800048828125 1372.9100341796875 1240.06005859375 1413.260009765625 1507.6300048828125 1568.72998046875 1665.969970703125 1788.6199951171875 1810.469970703125 1809.52001953125 1789.8900146484375 1800.3399658203125 1795.06005859375 1815.489990234375 1810.0999755859375 1821.1300048828125 1789.9100341796875
2311.02001953125 2244.919921875 2122.77001953125 1988.8599853515625 1814.2900390625 1644.52001953125 1561.02001953125 1443.9000244140625 1403.199951171875 1331.6500244140625 1314.219970703125 1431.280029296875 1242.8900146484375 979.84002685546875 801.97998046875 719.19000244140625 721.530029296875 722.219970703125 724.530029296875 718.46002197265625 719.280029296875 716.010009765625 716.1099853515625 735.6099853515625 813.66998291015625 1056.2900390625 1219.4100341796875 1145.6800537109375 1172.6500244140625 1324.97998046875 1223.8199462890625 1212.8900146484375 1461.5799560546875 1557.4599609375 1640.510009765625 1760.5999755859375 1809.3699951171875 1830.31005859375 1851.530029296875 1893.3199462890625 1915.93994140625 1948.699951171875 1962.18994140625 1985.81005859375 1871.06005859375
2270.14990234375 2176.969970703125 2072.679931640625 1927.6400146484375 1769.18994140625 1600.06005859375 1460.52001953125 1403.8699951171875 1320.18994140625 1180.719970703125 1133.8800048828125 1223.530029296875 1168.0899658203125 1091.3699951171875 964.90997314453125 751.21002197265625 726.1500244140625 730.8499755859375 724.1300048828125 719.27001953125 716.04998779296875 716.41998291015625 715.20001220703125 715.8900146484375 746.04998779296875 916.72998046875 1112.8599853515625 1089.989990234375 1074.760009765625 1124.2900390625 1168.8599853515625 1128.219970703125 1396.219970703125 1545.6099853515625 1632.780029296875 1758.0999755859375 1831.06005859375 1873.6800537109375 1973.8399658203125 2001.6800537109375 2029.8299560546875 2056.969970703125 2064.8701171875 2022.8900146484375 1889.1500244140625
2193.919921875 2062.56005859375 1983.280029296875 1876.68994140625 1731.3299560546875 1558.0799560546875 1442.22998046875 1343.27001953125 1283.5799560546875 1306.6600341796875 1116.2900390625 1020.489990234375 965.42999267578125 874.54998779296875 759.29998779296875 739.44000244140625 734.030029296875 753.54998779296875 798.030029296875 718.96002197265625 716.79998779296875 716.72998046875 716 715.96002197265625 723.40997314453125 871.90997314453125 1069.9300537109375 983.97998046875 942.719970703125 976.79998779296875 1079.510009765625 1382.43994140625 1426.969970703125 1510.8499755859375 1596.72998046875 1731.22998046875 1866.2900390625 1955.280029296875 2058.6201171875 2099.219970703125 2113.77001953125 2068.72998046875 1985.010009765625 1935.239990234375 1877.010009765625
2167.510009765625 2040.800048828125 1926.75 1826.1800537109375 1675.7099609375 1543.7099609375 1422.449951171875 1383.75 1444.56005859375 1418.22998046875 1324.0799560546875 1137.06005859375 954.780029296875 767.8499755859375 799.5 851.70001220703125 828.510009765625 959.03997802734375 824.08001708984375 715.83001708984375 716.6500244140625 719 716.40997314453125 716.030029296875 716.77001953125 804.94000244140625 988.32000732421875 923.780029296875 995.8499755859375 1057.6400146484375 1172.010009765625 1400.68994140625 1447.5899658203125 1499.489990234375 1605.9000244140625 1697.27001953125 1836.81005859375 1943.43994140625 2087.070068359375 2163.860107421875 2125.669921875 2051.7900390625 1937.300048828125 1850.550048828125 1817.81005859375
