SaReine/includes/Alpes500.asc
ncols        45
nrows        53
xllcorner    932775.000000000000
yllcorner    6439250.000000000000
cellsize     500.000000000000
NODATA_value  -99999
[rows 0 to 20 of 53, columns 0 to 44 of 45]
953.3599853515625 1049.56005859375 1204.02001953125 1304.4000244140625 1414.0699462890625 1610.1600341796875 1637.6700439453125 1790.06005859375 2039.43994140625 2210.030029296875 2245.14990234375 2080.77001953125 2187.199951171875 2248.72998046875 2364.179931640625 2557.139892578125 2392.2099609375 2132 2211.31005859375 2273.280029296875 2467.469970703125 2695.06005859375 2806.929931640625 2712.5 2692.300048828125 2713 2607.10009765625 2478.60009765625 2395.10009765625 2267.699951171875 2074.699951171875 1865.739990234375 1840.239990234375 1987.8800048828125 1983.9000244140625 2156 2191.10009765625 2149.10009765625 2332.89990234375 2338.89990234375 2242 2179.60009765625 2092.300048828125 2104.60009765625 1986.0999755859375
888.44000244140625 1002.09002685546875 1194.0799560546875 1366.199951171875 1480.6099853515625 1566.510009765625 1710.56005859375 1972.81005859375 2004.030029296875 2218.780029296875 2453.5400390625 2433.169921875 2345.659912109375 2474.02001953125 2672.75 2514.830078125 2344.6298828125 2239.25 2173.10009765625 2297.739990234375 2493.760009765625 2639.6298828125 2710.889892578125 2692.909912109375 2540.27001953125 2497.300048828125 2473.60009765625 2304.39990234375 2225.5 2159.699951171875 2136.199951171875 2006.9000244140625 1891.93994140625 1882.9200439453125 1903.800048828125 2021.47998046875 2090.699951171875 2247.10009765625 2179.300048828125 2187.800048828125 2145.10009765625 2115.800048828125 2131.300048828125 2248.10009765625 2073
913.3499755859375 966.70001220703125 1118.3699951171875 1308.530029296875 1446.4000244140625 1697.3199462890625 1816.0400390625 1964.699951171875 2251.89990234375 2269.31005859375 2314.7900390625 2558.590087890625 2533.68994140625 2631.47998046875 2500.7900390625 2480.1201171875 2389.18994140625 2258.610107421875 2228.47998046875 2414.429931640625 2626.139892578125 2654.590087890625 2694.3798828125 2448.27001953125 2367.2099609375 2282.60009765625 2251.10009765625 2127.800048828125 2098.39990234375 2031.199951171875 1873.9000244140625 1813.8599853515625 1829.4200439453125 2018.0999755859375 1970.75 1926.800048828125 2041.9000244140625 2213.800048828125 2032 1927.010009765625 1946.050048828125 1957 1881.469970703125 2006.5999755859375 2068.89990234375
1079.8499755859375 961.010009765625 1088.1800537109375 1246.4200439453125 1424.8199462890625 1767.8800048828125 2090.139892578125 2260.85009765625 2222.699951171875 2129.3798828125 2347.5400390625 2166.64990234375 2365.4599609375 2365.639892578125 2559.43994140625 2400.72998046875 2273.580078125 2187.9599609375 2228.43994140625 2285.010009765625 2563.2099609375 2522.530029296875 2454.0400390625 2267.840087890625 2178.360107421875 2069.10009765625 2021.9000244140625 1924.0400390625 1815.1099853515625 1739.3900146484375 1732.31005859375 1862.4200439453125 1893.22998046875 2126.199951171875 2146.5 2068.10009765625 2066.199951171875 2046.199951171875 1911.3699951171875 1768.18994140625 1768.5799560546875 1827.469970703125 1719.550048828125 1803.72998046875 1968.6600341796875
1249.219970703125 1101.300048828125 1017.030029296875 1154.8299560546875 1448.4200439453125 1659.6700439453125 1876.699951171875 2014.02001953125 1991.9300537109375 1916.9200439453125 2152.699951171875 2054.030029296875 2175.239990234375 2163.320068359375 2392.93994140625 2429.679931640625 2202.260009765625 2169.179931640625 2336.81005859375 2319.969970703125 2455.820068359375 2580.52001953125 2513.280029296875 2508.60009765625 2426.389892578125 2130.10009765625 1893.25 1753.7099609375 1681.75 1885.739990234375 1993.43994140625 2031.800048828125 2128.60009765625 2314.5 2275.699951171875 2263.5 2206.39990234375 2045 1802.489990234375 1661.949951171875 1593.8599853515625 1532.3800048828125 1524.050048828125 1558.27001953125 1672.81005859375
1402.8199462890625 1250.3699951171875 1146.1099853515625 1076.47998046875 1284.050048828125 1406.72998046875 1593.8499755859375 1732.68994140625 1736.9100341796875 1884.239990234375 2125.889892578125 1792.800048828125 1988.800048828125 1882.93994140625 2242.669921875 2268.2900390625 2167.550048828125 2082.989990234375 2253.320068359375 2480.610107421875 2669.830078125 2591.889892578125 2484.860107421875 2393.77001953125 2343 2120.81005859375 1843.6600341796875 1681.75 1821.9599609375 2181 2222.5 2234.800048828125 2275.60009765625 2305.199951171875 2318.199951171875 2420.199951171875 2179.300048828125 2076.89990234375 1858.0999755859375 1686.0699462890625 1624.27001953125 1495.43994140625 1524.7900390625 1464.219970703125 1492.8800048828125
1550.050048828125 1443.5999755859375 1453.8699951171875 1343.510009765625 1382.300048828125 1597.1500244140625 1635.0899658203125 1832.9100341796875 1900.81005859375 1970.1700439453125 2005.8399658203125 1718.199951171875 1667.5999755859375 1723.530029296875 1783.68994140625 2006.72998046875 1960.93994140625 2174.22998046875 2439.389892578125 2386.93994140625 2384.75 2327.3798828125 2340.760009765625 2169.89990234375 2058.510009765625 1964.4200439453125 1681.75 1681.75 1920.010009765625 2181.800048828125 2276.800048828125 2312.39990234375 2292.60009765625 2479.5 2381.60009765625 2365 2157.300048828125 2066.10009765625 1827.18994140625 1839.3199462890625 1672.780029296875 1507.6600341796875 1850.1199951171875 1657.9200439453125 1491.989990234375
1696.6400146484375 1733.449951171875 1672.81005859375 1491.4300537109375 1738.9300537109375 1831.6800537109375 1887.77001953125 2065.360107421875 2087.6201171875 2079.85009765625 1815.530029296875 1672.8699951171875 1473.9100341796875 1518.3399658203125 1573.9100341796875 1649.1600341796875 1695.6099853515625 2197.530029296875 2356.469970703125 2125.93994140625 2115.449951171875 2189.030029296875 2036.949951171875 2094.6201171875 1880.7900390625 1733.0699462890625 1681.75 1728.6400146484375 2040 2236.800048828125 2350.800048828125 2373.300048828125 2326.199951171875 2519.60009765625 2519.89990234375 2333.39990234375 2191.800048828125 2049 2137.60009765625 1945.800048828125 1786.4000244140625 1535.949951171875 1847.77001953125 1805.6400146484375 1770.3699951171875
1831.260009765625 1942.25 1928.989990234375 1860.239990234375 1978.8499755859375 2136.550048828125 2306.739990234375 2216.7900390625 2023.6600341796875 1875.1600341796875 1782.4200439453125 1497.469970703125 1276.0400390625 1154.469970703125 1178.5899658203125 1212.8699951171875 1412.3399658203125 1858.199951171875 2061.280029296875 1814.030029296875 1788.1700439453125 1804.25 1664.6199951171875 1623.9000244140625 1686 1681.75 1689.75 1906.1600341796875 2133.60009765625 2296.300048828125 2490.199951171875 2443 2372.10009765625 2487.60009765625 2555 2303 2195.199951171875 2055.60009765625 2119.89990234375 1950.5699462890625 1779.469970703125 1560.8299560546875 1863.9599609375 2012.9000244140625 1776.3699951171875
1684.9200439453125 2015.739990234375 2183.18994140625 1917.300048828125 2198.800048828125 2450.72998046875 2318.85009765625 2116.669921875 1973.3399658203125 1740.4000244140625 1549.25 1364.489990234375 1190.2099609375 1303.5899658203125 1594.77001953125 1519.77001953125 1368.27001953125 1382.56005859375 1656.949951171875 1463.22998046875 1505.199951171875 1572.1800537109375 1561.4599609375 1740.3299560546875 1686 1686 2017.6400146484375 2107.409912109375 2181.47998046875 2234.5 2532.199951171875 2535.39990234375 2434.199951171875 2450.199951171875 2517 2264.60009765625 2148.10009765625 2104.5 2149.89990234375 1931.8699951171875 1767.2099609375 1579.77001953125 1829.3199462890625 1963.4000244140625 1682.800048828125
1894.780029296875 2233.830078125 2485.2099609375 2107.550048828125 2287.7900390625 2448.419921875 2229.3798828125 2058.85009765625 1877.489990234375 1707.4599609375 1554.1600341796875 1280.3399658203125 1120.2900390625 1424.6199951171875 1852.199951171875 1896.4100341796875 1669.510009765625 1456.719970703125 1468.1500244140625 1631.4000244140625 1893.8699951171875 1928.0699462890625 1989.93994140625 1914.1199951171875 1933.800048828125 1699.449951171875 1820.52001953125 2110.6201171875 2317.4599609375 2259.5 2612.60009765625 2597.300048828125 2534.60009765625 2545.300048828125 2478.5 2332.39990234375 2171.199951171875 1924.1800537109375 1963.239990234375 1840.4200439453125 1660.050048828125 1611.550048828125 1832.9200439453125 1860.239990234375 1628.9100341796875
2122.5 2280.8701171875 2295.6201171875 2422.330078125 2553.4599609375 2404.56005859375 2235.159912109375 2039.5799560546875 1907.8599853515625 1767.3499755859375 1516.8800048828125 1242.969970703125 1192.18994140625 1551 1867.8599853515625 2159.68994140625 1976.469970703125 1838.6500244140625 1804.3399658203125 2016.5400390625 2203.47998046875 2250.010009765625 2077.360107421875 1945.81005859375 2160.18994140625 2006.969970703125 1905.9300537109375 1908.5999755859375 2112.340087890625 2384.10009765625 2592.10009765625 2689.60009765625 2553.60009765625 2515.199951171875 2365.199951171875 2295 2100.800048828125 1971.4599609375 1715.1400146484375 1659.0400390625 1619.5899658203125 1672 1965.469970703125 1782.3299560546875 1666.6300048828125
1960.5799560546875 2074.669921875 2252.070068359375 2366.469970703125 2654.77001953125 2352.7099609375 2225.219970703125 1907.1199951171875 1600.43994140625 1490.2900390625 1433.1500244140625 1076.4599609375 1271.27001953125 1565.1700439453125 1952.4100341796875 2353.760009765625 2231.550048828125 2125.679931640625 2163.56005859375 2403.239990234375 2177.18994140625 2047.6199951171875 2100.06005859375 2102.6298828125 2216.570068359375 2340.56005859375 2225.27001953125 2004.9200439453125 2097.4599609375 2442.39990234375 2691.39990234375 2764.89990234375 2588.800048828125 2550.39990234375 2386.699951171875 2305.699951171875 2053.39990234375 2119.5 2030.4000244140625 1782.68994140625 1636.22998046875 1815.0899658203125 1977.300048828125 1798.31005859375 1781.1700439453125
1930.050048828125 2149.56005859375 2483.800048828125 2667.110107421875 2379.169921875 2198.719970703125 2161.449951171875 1820.25 1669.06005859375 1540.3199462890625 1223.1300048828125 1007.83001708984375 1304.780029296875 1607.8299560546875 2008.97998046875 2228.3798828125 2425.570068359375 2367.389892578125 2539.360107421875 2165.9599609375 1952.280029296875 1973.010009765625 2082.06005859375 2292.679931640625 2349.590087890625 2459.949951171875 2261.360107421875 2079.199951171875 2196.64990234375 2478.10009765625 2803.39990234375 2741.89990234375 2517.89990234375 2569.10009765625 2532.89990234375 2318 2121 2177.89990234375 1989.699951171875 1857.5799560546875 1663.4300537109375 1869.47998046875 1970.5999755859375 1860.6400146484375 1874.1300048828125
1946.699951171875 2329.610107421875 2471.39990234375 2537.659912109375 2509.72998046875 2374.639892578125 2251.85009765625 2040.3399658203125 1832.43994140625 1641.6099853515625 1316.8900146484375 985.90997314453125 1302.75 1658.06005859375 2028.719970703125 2374.389892578125 2417.6298828125 2337.239990234375 2216.669921875 1966.739990234375 1790.9599609375 1908.27001953125 2109.780029296875 2130.27001953125 2214.25 2244.419921875 2213.889892578125 2184.070068359375 2362.7900390625 2662.39990234375 2992.39990234375 2835.10009765625 2596.10009765625 2651.10009765625 2480.60009765625 2380.60009765625 2473.39990234375 2376.60009765625 2193.699951171875 1923.8399658203125 1726.5 1918.469970703125 2034.9000244140625 1952.199951171875 1979.199951171875
2147.1201171875 2193.780029296875 2367.889892578125 2590.679931640625 2501.5 2354.260009765625 2087.169921875 1951.68994140625 1648.7900390625 1468.8199462890625 1320.530029296875 998.21002197265625 1233.5899658203125 1613.77001953125 1870.6500244140625 2158.85009765625 2276.02001953125 2280.860107421875 1997.4200439453125 1813.22998046875 1653.97998046875 1837.699951171875 1926.1300048828125 1787.5799560546875 1889.5899658203125 2124.64990234375 2259.4599609375 2320.18994140625 2533.360107421875 2803.39990234375 2953.60009765625 2863.5 2707.300048828125 2614.39990234375 2562.39990234375 2618.300048828125 2495 2342.699951171875 2133.60009765625 1890.8699951171875 1784.260009765625 1965.800048828125 2151.5 2077.39990234375 2083.699951171875
2269.47998046875 2295.080078125 2310.85009765625 2547.300048828125 2620.320068359375 2288.919921875 2243.840087890625 2084.949951171875 1803.5 1601.8699951171875 1356.300048828125 1006.6099853515625 1135.8399658203125 1510.969970703125 1884.010009765625 2154.340087890625 2181.31005859375 2011.0799560546875 1815.260009765625 1645.719970703125 1520.760009765625 1582.300048828125 1588.6600341796875 1720.0699462890625 1905.6500244140625 2228.260009765625 2353.449951171875 2628.81005859375 2752.5 2977.300048828125 3083.89990234375 2730.5 2657.800048828125 2623.300048828125 2666.800048828125 2630.300048828125 2467.199951171875 2315.300048828125 2115.5 1871.219970703125 1782.719970703125 1984.0999755859375 2212.300048828125 2181.89990234375 2400.5
2633.8798828125 2714.22998046875 2566.949951171875 2515.090087890625 2897.7900390625 2428.449951171875 2219.4599609375 1965.8699951171875 1716.77001953125 1605.550048828125 1457 1067.1800537109375 1005.91998291015625 1388.4300537109375 1775.469970703125 2132.7099609375 1928.6300048828125 1805.5400390625 1587.989990234375 1508.5799560546875 1407.1199951171875 1381.300048828125 1680.6400146484375 1873.8800048828125 2054.18994140625 2425.949951171875 2477.550048828125 2786.60009765625 3134.699951171875 3054.800048828125 2971.300048828125 2734.300048828125 2685.39990234375 2721.300048828125 2809.199951171875 2613.5 2496.5 2386.89990234375 2126.10009765625 1973.5999755859375 1876.969970703125 1971.800048828125 2235.60009765625 2335.10009765625 2561.199951171875
2416.080078125 2498.0400390625 2763.0400390625 2816.510009765625 2428.330078125 2175.159912109375 2127.550048828125 1836.8900146484375 1629.6700439453125 1446.260009765625 1246.8499755859375 1127.75 876.989990234375 1260.6600341796875 1657.8800048828125 1822.52001953125 1635.739990234375 1465.8299560546875 1459.97998046875 1324.050048828125 1327.7900390625 1652.1800537109375 1768.9000244140625 1982.2900390625 2231.2099609375 2498.2099609375 2546.77001953125 2776.300048828125 3026.300048828125 3078.39990234375 2868.300048828125 2799.699951171875 2802.89990234375 2840.39990234375 2668.5 2568.89990234375 2527.800048828125 2427.5 2277 2259.800048828125 1944.8599853515625 2022.699951171875 2082.300048828125 2196.300048828125 2520.199951171875
2556.27001953125 2694.179931640625 2690.320068359375 2711.580078125 2542.9599609375 2200.219970703125 2023.56005859375 1981.4200439453125 1904.0699462890625 1705.1099853515625 1520.8900146484375 1186.77001953125 867.47998046875 1150.5 1658.02001953125 1544.4300537109375 1446.27001953125 1297.3199462890625 1291.280029296875 1202.0899658203125 1489.1199951171875 1735.510009765625 1902.530029296875 2132.5400390625 2390.570068359375 2553.85009765625 2797.429931640625 2984.199951171875 3073.699951171875 3167.199951171875 2962.199951171875 2897.300048828125 2953 2807.199951171875 2528.10009765625 2387.280029296875 2348.199951171875 2308.699951171875 2292 2361.89990234375 2155 2090.5 2265.300048828125 2258.10009765625 2500.60009765625
2565.219970703125 2465.800048828125 2561.860107421875 2512.7900390625 2596.659912109375 2610.199951171875 2260.39990234375 2243.1298828125 1922.3800048828125 1779.8299560546875 1585.8499755859375 1282.260009765625 922.40997314453125 977.510009765625 1463.300048828125 1287.5699462890625 1235.8199462890625 1127.0999755859375 1133.2900390625 1265.949951171875 1698.989990234375 1872.219970703125 2045.969970703125 2373.419921875 2517.6298828125 2593.860107421875 2767.610107421875 3026.800048828125 3280.89990234375 3311.39990234375 2974.5 3050 2961.800048828125 2894.39990234375 2623.300048828125 2536.1298828125 2511.340087890625 2252.800048828125 2250.39990234375 2380.89990234375 2327.300048828125 2124.800048828125 2253.10009765625 2421.300048828125 2681.39990234375
