SaReine/includes/Alpes100.asc
ncols        224
nrows        263
xllcorner    932775.000000000000
yllcorner    6439250.000000000000
cellsize     100.000000000000
NODATA_value  -99999
[rows 60 to 79 of 263, columns 92 to 137 of 224]
2059.52001953125 2123.260009765625 2250.93994140625 2363.2099609375 2305.830078125 2341.3701171875 2373.25 2359.02001953125 2332.52001953125 2276.7099609375 2224.3798828125 2182.4599609375 2164.3798828125 2145.830078125 2123.22998046875 2102.909912109375 2088.39990234375 2102.8701171875 2116.2900390625 2159.5400390625 2137.919921875 2098.260009765625 2128.639892578125 2129.639892578125 2107.27001953125 2080.64990234375 2059.60009765625 2071.389892578125 2110.7099609375 2169 2245.5 2335.030029296875 2303.280029296875 2289.909912109375 2300.10009765625 2237.72998046875 2235.760009765625 2238.64990234375 2203.60009765625 2181.89990234375 2172.929931640625 2131.25 2045.4100341796875 1995.72998046875 1935.9599609375 1910.31005859375
2121.219970703125 2170.659912109375 2272.81005859375 2395.909912109375 2421.639892578125 2377.820068359375 2322.699951171875 2275.64990234375 2246.929931640625 2218.43994140625 2176.260009765625 2149.199951171875 2122.919921875 2094.6201171875 2081.8701171875 2070.56005859375 2079.8701171875 2089.070068359375 2127.739990234375 2143.0400390625 2100.719970703125 2119.080078125 2149.510009765625 2136.530029296875 2127.719970703125 2085.419921875 2070.199951171875 2086.929931640625 2142.139892578125 2181.570068359375 2249.050048828125 2339.179931640625 2360.8701171875 2362.64990234375 2332.9599609375 2295.159912109375 2308.030029296875 2286.889892578125 2254.22998046875 2216.840087890625 2193.739990234375 2143.47998046875 2082.7099609375 2015.4300537109375 2002.280029296875 1958.0799560546875
2183.02001953125 2209.820068359375 2280.090087890625 2383.949951171875 2432.929931640625 2352.340087890625 2282.110107421875 2259.27001953125 2212.909912109375 2169.39990234375 2137.02001953125 2097.080078125 2067.050048828125 2048.510009765625 2031.0699462890625 2057.93994140625 2059.419921875 2070.090087890625 2110.639892578125 2087.72998046875 2104.610107421875 2157.449951171875 2141 2151.6298828125 2134.97998046875 2113.25 2118.97998046875 2148.4599609375 2152.179931640625 2185.739990234375 2259.6298828125 2331.110107421875 2386.60009765625 2446 2399.469970703125 2382.43994140625 2376.389892578125 2352.3798828125 2303.760009765625 2264.320068359375 2201.4599609375 2138.75 2087.1298828125 2046.2099609375 2021.0799560546875 2010.1400146484375
2224.860107421875 2285.72998046875 2341.739990234375 2392.429931640625 2394.239990234375 2330.080078125 2234.659912109375 2197.610107421875 2167.27001953125 2127.860107421875 2089.9599609375 2057.929931640625 2025.9100341796875 2004.1800537109375 2013.27001953125 2037.77001953125 2057.080078125 2071.0400390625 2067.4599609375 2082.260009765625 2145.169921875 2147.320068359375 2157.860107421875 2192.85009765625 2196.199951171875 2181.97998046875 2186.580078125 2168.760009765625 2175.429931640625 2214.409912109375 2279.1298828125 2321.320068359375 2380.10009765625 2421.139892578125 2476.489990234375 2450.830078125 2384.929931640625 2363 2315.659912109375 2253.219970703125 2211.97998046875 2151.889892578125 2116.800048828125 2068.14990234375 2033.010009765625 2027.6099853515625
2354.860107421875 2397.989990234375 2454.360107421875 2402 2299.3701171875 2246.610107421875 2203.860107421875 2149.43994140625 2119.639892578125 2092.030029296875 2050.5 2018.0699462890625 1991.6300048828125 1970.699951171875 1996.18994140625 2002.8399658203125 2017.1700439453125 2021.449951171875 2044.9200439453125 2102.56005859375 2136.780029296875 2141.169921875 2184.31005859375 2246.469970703125 2269.570068359375 2220.260009765625 2195.8701171875 2202.840087890625 2226.989990234375 2274.860107421875 2317.610107421875 2349.64990234375 2398.93994140625 2434.550048828125 2464.6298828125 2434.0400390625 2402.909912109375 2366.699951171875 2315.239990234375 2263.010009765625 2228.93994140625 2177.830078125 2121.679931640625 2074.22998046875 2050.3701171875 2050.06005859375
2467.8701171875 2448.090087890625 2451.8701171875 2348.820068359375 2238.5400390625 2187.639892578125 2146.219970703125 2104.590087890625 2075.510009765625 2018.6400146484375 2001.4200439453125 1968.1300048828125 1944.6400146484375 1954.4200439453125 1957.3499755859375 1971.469970703125 1991.949951171875 2007.0799560546875 2062.030029296875 2094.090087890625 2098.4599609375 2126.639892578125 2184.820068359375 2257.27001953125 2260.5 2237.06005859375 2253.280029296875 2274.8701171875 2289.679931640625 2304.199951171875 2348.72998046875 2395.3701171875 2434.080078125 2467.68994140625 2478.830078125 2426.919921875 2394.72998046875 2353.010009765625 2315.659912109375 2277.669921875 2227.89990234375 2182.239990234375 2118.8701171875 2085.340087890625 2064.050048828125 2060.18994140625
2481.02001953125 2382.419921875 2351.739990234375 2269.429931640625 2193.719970703125 2143.10009765625 2099.27001953125 2078.409912109375 2032.1500244140625 1973.68994140625 1939.219970703125 1915.989990234375 1918.22998046875 1941.1400146484375 1962.02001953125 1975.8699951171875 1971.7099609375 2018.52001953125 2048.090087890625 2074.159912109375 2095.85009765625 2136.320068359375 2196.6298828125 2269.580078125 2309.909912109375 2289.9599609375 2315.2099609375 2325.159912109375 2306.659912109375 2325.5400390625 2388.5400390625 2437.2900390625 2469.659912109375 2494.8798828125 2486.5400390625 2445.93994140625 2407.8798828125 2375.360107421875 2350.8701171875 2286.739990234375 2229.219970703125 2186.2099609375 2136.8701171875 2105.719970703125 2083.1298828125 2082.699951171875
2467.280029296875 2335.2900390625 2237.1201171875 2183.18994140625 2145.639892578125 2102.31005859375 2067.93994140625 2030.6400146484375 1982.050048828125 1935.5400390625 1904.8699951171875 1882.760009765625 1916.1800537109375 1945.52001953125 1960.02001953125 1934.02001953125 1953.719970703125 1989.449951171875 2035.780029296875 2064.030029296875 2105.389892578125 2155.81005859375 2212.3798828125 2285.1298828125 2347.39990234375 2343.31005859375 2354.669921875 2344.179931640625 2336.0400390625 2362.169921875 2421.090087890625 2468.429931640625 2492.360107421875 2522.27001953125 2526.18994140625 2480.14990234375 2434.56005859375 2416.43994140625 2351.550048828125 2290.820068359375 2233.840087890625 2188.639892578125 2157.77001953125 2131.800048828125 2107.830078125 2100.0400390625
2383.6298828125 2310.2900390625 2190.469970703125 2142.919921875 2104.449951171875 2072.219970703125 2012.4200439453125 1968.1800537109375 1938.5699462890625 1895.81005859375 1871.510009765625 1864.1400146484375 1894.260009765625 1915.760009765625 1905.300048828125 1898.1500244140625 1943.219970703125 1988.22998046875 2030.5400390625 2063.06005859375 2113.5 2172.6298828125 2236.60009765625 2302.9599609375 2371.27001953125 2357.68994140625 2362.260009765625 2376.590087890625 2355.320068359375 2393.780029296875 2434.139892578125 2426.0400390625 2476.739990234375 2523.93994140625 2497.6298828125 2511.3701171875 2478.320068359375 2406.06005859375 2342.43994140625 2284.010009765625 2228.5 2194.919921875 2164.97998046875 2148.419921875 2116.77001953125 2111.530029296875
2329.080078125 2242.330078125 2168.179931640625 2111.06005859375 2073.4599609375 2013.8800048828125 1958.5799560546875 1919.969970703125 1898.4200439453125 1869.25 1834.239990234375 1842.300048828125 1862.0799560546875 1869.530029296875 1863.6400146484375 1909.6199951171875 1948.969970703125 1984.7099609375 2019.9100341796875 2055.030029296875 2107.320068359375 2177.590087890625 2253.820068359375 2318.68994140625 2300.919921875 2258.360107421875 2280.1298828125 2281.7900390625 2272.760009765625 2328.89990234375 2341.6298828125 2355.25 2402.56005859375 2439.06005859375 2404.25 2433.030029296875 2426.7900390625 2394.340087890625 2329.580078125 2272.719970703125 2221.030029296875 2191.659912109375 2182.280029296875 2156.06005859375 2127.659912109375 2131.780029296875
2293.1201171875 2204.590087890625 2127.89990234375 2083.31005859375 2039.9200439453125 1978.6600341796875 1918.0400390625 1882.0400390625 1866.81005859375 1834.300048828125 1804.6500244140625 1809.5899658203125 1820.9200439453125 1843.9599609375 1898.239990234375 1929.4200439453125 1949.5899658203125 1987.2099609375 2028.81005859375 2065.31005859375 2123.139892578125 2195.840087890625 2262.93994140625 2261.39990234375 2206.97998046875 2169.6201171875 2172.330078125 2165.469970703125 2189.070068359375 2281.580078125 2252.909912109375 2268.64990234375 2356.860107421875 2381.14990234375 2321.68994140625 2340.820068359375 2342.75 2340.739990234375 2302.6298828125 2247.610107421875 2209.7900390625 2196.56005859375 2182.639892578125 2164.43994140625 2147.919921875 2158.5
2214.10009765625 2164.239990234375 2096.530029296875 2046.0799560546875 1994.489990234375 1938.52001953125 1899.8699951171875 1860.25 1824.8399658203125 1802.4000244140625 1778.9300537109375 1786.43994140625 1811.9100341796875 1864.739990234375 1906.4200439453125 1913.3499755859375 1951.1500244140625 1990.280029296875 2036.219970703125 2082.300048828125 2139.39990234375 2200.3798828125 2220.179931640625 2201.909912109375 2155.330078125 2102.0400390625 2094.550048828125 2100.75 2122.39990234375 2222.1201171875 2182.6201171875 2210.1298828125 2271.760009765625 2297.530029296875 2246.800048828125 2249.93994140625 2257.8701171875 2270.81005859375 2263.68994140625 2232.530029296875 2200.18994140625 2188.669921875 2179.179931640625 2171.31005859375 2178.27001953125 2190.7900390625
2143.9599609375 2100.590087890625 2061.06005859375 2007.75 1954.8599853515625 1899.469970703125 1866.6400146484375 1817.989990234375 1795.010009765625 1779.7099609375 1762.760009765625 1781.5799560546875 1832.0999755859375 1870.0699462890625 1869.469970703125 1904.8800048828125 1970.52001953125 2017.030029296875 2068.679931640625 2110.02001953125 2132.300048828125 2163.449951171875 2140.780029296875 2127.9599609375 2087.340087890625 2041.030029296875 1997.4200439453125 2012.47998046875 2070.22998046875 2140.06005859375 2094.219970703125 2164.6201171875 2211.679931640625 2230.530029296875 2176.3701171875 2177.10009765625 2189.97998046875 2228.330078125 2233.669921875 2225.52001953125 2206.3701171875 2198.06005859375 2186.2900390625 2190.22998046875 2203.830078125 2224.739990234375
2098.280029296875 2067.75 2025.969970703125 1978.050048828125 1919.56005859375 1872.8299560546875 1833.22998046875 1786.2900390625 1756.06005859375 1750.1300048828125 1740.469970703125 1794.199951171875 1824.18994140625 1818.8399658203125 1836.9200439453125 1903.43994140625 1976.3499755859375 2050.449951171875 2093.239990234375 2108.27001953125 2130.68994140625 2109.659912109375 2059.139892578125 2045.239990234375 2024.6800537109375 1968.469970703125 1922.9100341796875 1935.5400390625 2027.300048828125 2028.1500244140625 2020.5400390625 2101.860107421875 2169.35009765625 2135.10009765625 2113.8701171875 2114.820068359375 2168.8701171875 2209 2233.360107421875 2231.93994140625 2217.35009765625 2206.580078125 2205.669921875 2215.080078125 2228.719970703125 2247.760009765625
2055.030029296875 2038.449951171875 1981.1300048828125 1934.9300537109375 1898.989990234375 1852.4100341796875 1800.6400146484375 1751.3499755859375 1728.6800537109375 1712.97998046875 1712.1800537109375 1753.8299560546875 1766.050048828125 1760.4200439453125 1836.050048828125 1912.06005859375 1985.7099609375 2050.780029296875 2078.239990234375 2088.659912109375 2047.219970703125 2037.4000244140625 1993.1099853515625 1963.760009765625 1950 1903.3199462890625 1856.550048828125 1899.5799560546875 1946.5899658203125 1924.2900390625 1998.3499755859375 2046.8699951171875 2090.889892578125 2062.4599609375 2052.830078125 2127.3701171875 2169.580078125 2210.360107421875 2241.469970703125 2243.489990234375 2236.2900390625 2229.340087890625 2223.530029296875 2241.239990234375 2260.6201171875 2273.60009765625
2009.06005859375 2001.780029296875 1958.550048828125 1920.5999755859375 1863.06005859375 1822.3299560546875 1776.739990234375 1715.8900146484375 1712.0699462890625 1687.7900390625 1691.8199462890625 1706.31005859375 1707.050048828125 1756.5 1824.4000244140625 1895.02001953125 1956.43994140625 2018.280029296875 2038.8900146484375 2015.68994140625 1987.4300537109375 1955.4000244140625 1945.739990234375 1884.1500244140625 1872.280029296875 1859.6800537109375 1803.6500244140625 1827.2099609375 1877.6600341796875 1877.3599853515625 1939.2900390625 1993.4300537109375 2025.780029296875 1995.3199462890625 2056.1298828125 2141.080078125 2173.60009765625 2186.75 2254.550048828125 2260.610107421875 2243.85009765625 2245.14990234375 2242.3701171875 2255.68994140625 2284.64990234375 2307.800048828125
1976.1700439453125 1962.81005859375 1927.9599609375 1875.8599853515625 1833.56005859375 1787.8900146484375 1747.1800537109375 1694.93994140625 1666.530029296875 1652.449951171875 1660.31005859375 1658.9100341796875 1723.9100341796875 1764.9100341796875 1817.0999755859375 1865.47998046875 1934.1400146484375 1971.75 1984.5400390625 1946.949951171875 1918.949951171875 1877.5699462890625 1866.8800048828125 1825.780029296875 1802.5400390625 1782.4599609375 1757.7900390625 1779.7099609375 1832.4599609375 1849.0899658203125 1877.97998046875 1942.1199951171875 1956.780029296875 2002.280029296875 2099.360107421875 2142.77001953125 2179.080078125 2187.5 2274.02001953125 2265.0400390625 2259.330078125 2254.75 2259.8701171875 2290.739990234375 2309.469970703125 2333.9599609375
1952.9599609375 1924.0400390625 1898.5 1873.0699462890625 1804.530029296875 1757.1099853515625 1720.68994140625 1671.6500244140625 1640.6199951171875 1625.3900146484375 1626.3699951171875 1651.5 1705.5799560546875 1726.989990234375 1778.8299560546875 1851.219970703125 1907.760009765625 1902.56005859375 1907.5400390625 1875.2900390625 1844.699951171875 1824.4100341796875 1780.8699951171875 1755.3599853515625 1733.6199951171875 1715.68994140625 1721.0899658203125 1758.6500244140625 1785.1700439453125 1825.97998046875 1859.3499755859375 1890.7099609375 1912.72998046875 1985.0699462890625 2143.360107421875 2197.489990234375 2199.949951171875 2222.080078125 2295.43994140625 2271.510009765625 2268.840087890625 2270.8701171875 2283.9599609375 2329.4599609375 2344.2099609375 2389.419921875
1947.3599853515625 1909.47998046875 1840.699951171875 1820.489990234375 1805.7099609375 1749.8800048828125 1698.8299560546875 1650.030029296875 1626.739990234375 1606.0799560546875 1604.199951171875 1627.760009765625 1631.6700439453125 1680.06005859375 1755.8199462890625 1802.0400390625 1829.5 1818.1600341796875 1836.2099609375 1815.260009765625 1786.469970703125 1770.030029296875 1719.469970703125 1677.030029296875 1676.5999755859375 1683.56005859375 1739.8499755859375 1805.550048828125 1813.8599853515625 1828.5799560546875 1854.8900146484375 1898.0699462890625 1943.8499755859375 1999.27001953125 2169.050048828125 2250.18994140625 2272.070068359375 2286.25 2312.35009765625 2289.860107421875 2285.889892578125 2293.550048828125 2330.22998046875 2358.6201171875 2384.949951171875 2462.43994140625
1917.300048828125 1887.8800048828125 1827.199951171875 1767.300048828125 1739.5799560546875 1728.1199951171875 1690.5799560546875 1649.1300048828125 1600.3299560546875 1582.8299560546875 1576.5699462890625 1575.1500244140625 1581.5699462890625 1648.6800537109375 1704.2099609375 1723.6600341796875 1743.9200439453125 1744.18994140625 1764.52001953125 1752.969970703125 1722.780029296875 1701.239990234375 1656.22998046875 1638.760009765625 1658.97998046875 1697.989990234375 1775.3399658203125 1830.3900146484375 1833.9000244140625 1845.5899658203125 1869.3699951171875 1916.4599609375 1969.739990234375 2041.010009765625 2133.510009765625 2275.030029296875 2310.989990234375 2345.219970703125 2327.590087890625 2314.2900390625 2307.169921875 2321.159912109375 2375.580078125 2394.89990234375 2441.760009765625 2529.389892578125
