SaReine/includes/Alpes250.asc
ncols        89
nrows        105
xllcorner    932775.000000000000
yllcorner    6439250.000000000000
cellsize     250.000000000000
NODATA_value  -99999
[rows 80 to 99 of 105, columns 0 to 44 of 89]
2121.179931640625 2003.47998046875 1935.3599853515625 1849.25 1702.3399658203125 1554.47998046875 1450.25 1504.81005859375 1627.800048828125 1453.699951171875 1321.8399658203125 1098.4200439453125 933.260009765625 762.4000244140625 949.42999267578125 1101.760009765625 1131.0999755859375 1072.449951171875 826.0999755859375 716.469970703125 716.82000732421875 717.46002197265625 716.27001953125 716.45001220703125 717.45001220703125 746.71002197265625 883.94000244140625 984.30999755859375 1089.81005859375 1207.3699951171875 1268.72998046875 1357.81005859375 1441.489990234375 1577.3399658203125 1618.219970703125 1654.469970703125 1760.4100341796875 1849.449951171875 1958.43994140625 2123.199951171875 2083.909912109375 1974.3299560546875 1888.31005859375 1832.4599609375 1702.6700439453125
2055.949951171875 1992.300048828125 1936.5699462890625 1845.9100341796875 1741.800048828125 1629.489990234375 1532.18994140625 1623.6199951171875 1618.0999755859375 1422.800048828125 1236.5 1008.19000244140625 836.03997802734375 836.70001220703125 1023.02001953125 1167.2900390625 1249.8299560546875 1091.5999755859375 842.260009765625 737.6500244140625 716.1099853515625 717.1300048828125 717.75 716.15997314453125 717.75 723.1400146484375 885.1099853515625 989.66998291015625 1168.7900390625 1317.489990234375 1447.300048828125 1517.6500244140625 1504.68994140625 1597.989990234375 1742.0899658203125 1691.06005859375 1728.9100341796875 1792.02001953125 1857.8399658203125 1990.2099609375 2020.5699462890625 1934.760009765625 1799.0899658203125 1723.4599609375 1646.4300537109375
1965.3900146484375 1944.7099609375 1909.780029296875 1822.31005859375 1670.4599609375 1462.280029296875 1445.68994140625 1486.3499755859375 1575.56005859375 1453.050048828125 1247.510009765625 1010.6400146484375 788.8900146484375 932.29998779296875 1069.3900146484375 1254.47998046875 1297.93994140625 1094.77001953125 884.22998046875 766.22998046875 719.47998046875 716.96002197265625 717.77001953125 718.4000244140625 717.47998046875 717.1500244140625 846.16998291015625 1000.47998046875 1100.75 1246.4599609375 1353.18994140625 1542.6500244140625 1650.6700439453125 1686.1400146484375 1781.7900390625 1752.52001953125 1697.969970703125 1721.8399658203125 1769.1099853515625 1873.8699951171875 1885.0400390625 1871.93994140625 1791.9300537109375 1677.260009765625 1586.6700439453125
1870.8800048828125 1847.699951171875 1804.760009765625 1681.699951171875 1550.3399658203125 1345.43994140625 1299.280029296875 1281.5699462890625 1347.8599853515625 1270.9599609375 1132.6400146484375 980.25 805.40997314453125 985.6500244140625 1131.3299560546875 1354.300048828125 1227.7900390625 1062.3199462890625 948.9000244140625 798.010009765625 737.59002685546875 718.27001953125 716.9000244140625 717.32000732421875 722.4000244140625 716.8599853515625 717.79998779296875 954.22998046875 1075.3800048828125 1171.0999755859375 1284.8699951171875 1475.1300048828125 1610.449951171875 1811.800048828125 1841.18994140625 1762.8900146484375 1651.719970703125 1643.1300048828125 1679.1199951171875 1749.4000244140625 1765.9300537109375 1745.4300537109375 1696.6500244140625 1610.4100341796875 1519.219970703125
1773.22998046875 1743.47998046875 1634.43994140625 1560.1500244140625 1474.1600341796875 1374.9100341796875 1247.8900146484375 1137.06005859375 1105.8800048828125 1165.5999755859375 1049.8900146484375 896 900.42999267578125 1083.1600341796875 1258.719970703125 1478.6700439453125 1365.4000244140625 1137.739990234375 977.54998779296875 837.5999755859375 763.57000732421875 732.97998046875 717.6099853515625 716.96002197265625 717.96002197265625 719.19000244140625 717.8800048828125 887.1099853515625 1057.699951171875 1174.4599609375 1289.449951171875 1380.6700439453125 1562.0999755859375 1721.68994140625 1860.4000244140625 1788.1700439453125 1643.6800537109375 1589.719970703125 1620.1700439453125 1595.719970703125 1635.2900390625 1627.510009765625 1580.6500244140625 1538.1600341796875 1462.6700439453125
1675.1500244140625 1613.5999755859375 1506.4000244140625 1447.0899658203125 1376.68994140625 1351.8800048828125 1231.719970703125 1131.280029296875 1023.1199951171875 956.34002685546875 940.530029296875 857.77001953125 994.21002197265625 1214.300048828125 1405.56005859375 1615.8699951171875 1418.449951171875 1172.3499755859375 1092.68994140625 953.34002685546875 770.70001220703125 740.010009765625 719.44000244140625 717.469970703125 719.280029296875 718.5 719.91998291015625 718.8800048828125 883.95001220703125 1107.199951171875 1184.8599853515625 1311.300048828125 1421.489990234375 1608.9100341796875 1822.6300048828125 1777.699951171875 1658.7900390625 1596.22998046875 1478.9000244140625 1490.030029296875 1494.27001953125 1539.31005859375 1513 1443.969970703125 1385.010009765625
1602.469970703125 1474.5 1372.7900390625 1326.030029296875 1306.050048828125 1358.02001953125 1305.8599853515625 1207.9599609375 1066.0699462890625 958.96002197265625 892.3800048828125 983.29998779296875 1169.530029296875 1325.3199462890625 1630.1500244140625 1748.4599609375 1464.1400146484375 1274.5799560546875 1099.06005859375 976.66998291015625 817.71002197265625 766.19000244140625 720.8499755859375 716.6400146484375 717.280029296875 718.030029296875 718.6099853515625 722.54998779296875 719.59002685546875 772 972.96002197265625 1172.93994140625 1369.5899658203125 1501.719970703125 1739.2900390625 1758.27001953125 1690.1199951171875 1597.469970703125 1454.6199951171875 1384.989990234375 1385.199951171875 1370.030029296875 1371.800048828125 1345.199951171875 1299.25
1660.010009765625 1574.8699951171875 1482.3599853515625 1350.0699462890625 1227.8499755859375 1296.4300537109375 1247.760009765625 1135.5699462890625 1033.800048828125 946.65997314453125 912.6099853515625 1146.4599609375 1279.1600341796875 1514.3399658203125 1748.4599609375 1768.6700439453125 1552.050048828125 1246.8299560546875 1129.27001953125 1014.94000244140625 910.46002197265625 755.72998046875 717.40997314453125 718.280029296875 717.6300048828125 717.8499755859375 718.16998291015625 719.21002197265625 721.34002685546875 721.219970703125 749.46002197265625 964.94000244140625 1247.9300537109375 1476.5699462890625 1599.739990234375 1744.8699951171875 1735 1643.1600341796875 1490.3399658203125 1361.52001953125 1272 1269.1099853515625 1242.8800048828125 1212.4599609375 1137.1500244140625
1616.25 1545.56005859375 1470.1700439453125 1305.68994140625 1197.5999755859375 1234.489990234375 1235.5400390625 1119.9200439453125 1003.67999267578125 932.239990234375 1061.5999755859375 1232.0799560546875 1428.719970703125 1644.72998046875 1751.3299560546875 1790.77001953125 1842.239990234375 1450.8900146484375 1289.9200439453125 1257.5799560546875 1061.9100341796875 841.19000244140625 718.8900146484375 716.8900146484375 717.1500244140625 717.97998046875 718.21002197265625 718.71002197265625 719.530029296875 721.22998046875 723.96002197265625 845.07000732421875 1105.4000244140625 1356.0999755859375 1577.1300048828125 1745.5400390625 1696.719970703125 1669.6500244140625 1499.8299560546875 1383.449951171875 1282.6600341796875 1206.7099609375 1161.77001953125 1085.719970703125 1043.47998046875
1565.77001953125 1541.6500244140625 1452.93994140625 1360.77001953125 1219.27001953125 1149.0400390625 1242.5 1192.7900390625 1004.72998046875 961.02001953125 1038.4000244140625 1186.1700439453125 1336.0400390625 1529.550048828125 1756.219970703125 1914.1700439453125 1849.010009765625 1633.1600341796875 1491.4599609375 1382.8299560546875 1164.4599609375 855.28997802734375 743.34002685546875 720.58001708984375 717.21002197265625 718.19000244140625 718.40997314453125 718.69000244140625 719.510009765625 719.8499755859375 724.21002197265625 723.47998046875 919.280029296875 1194.469970703125 1415.81005859375 1623.4599609375 1547.199951171875 1566.1099853515625 1512.5400390625 1393.3299560546875 1278.9300537109375 1206.5400390625 1118.4200439453125 927 973.4000244140625
1792.280029296875 1665.4200439453125 1443.3699951171875 1325.449951171875 1208.68994140625 1102.6700439453125 1197.4000244140625 1162.1800537109375 1004.05999755859375 1071.06005859375 1051.5 1031.5899658203125 1227.7099609375 1433.5799560546875 1472.699951171875 1638.6400146484375 1839.3900146484375 1678.1700439453125 1549.050048828125 1457.6800537109375 1155.3599853515625 908.40997314453125 787.71002197265625 745.54998779296875 717.3800048828125 717.760009765625 718.34002685546875 718.66998291015625 719.530029296875 721.19000244140625 723.08001708984375 724.6400146484375 818.69000244140625 1062.3199462890625 1271.449951171875 1447.8800048828125 1453.8900146484375 1425 1411.0899658203125 1338.8800048828125 1219.5899658203125 1091.52001953125 927.55999755859375 921.1099853515625 908.08001708984375
1920.7099609375 1709.4300537109375 1500.530029296875 1338.3399658203125 1208.0400390625 1084.8900146484375 1115.550048828125 1073.68994140625 999.9000244140625 1149.77001953125 1261.7099609375 1026.8599853515625 1196.489990234375 1246.52001953125 1357.6199951171875 1527.9300537109375 1630.760009765625 1738.8699951171875 1621.8599853515625 1530.9000244140625 1177.2900390625 973.280029296875 834.280029296875 749.21002197265625 717.9000244140625 719.21002197265625 718.71002197265625 718.780029296875 719.530029296875 720.84002685546875 723.530029296875 725.08001708984375 725.8800048828125 905.8800048828125 1147.06005859375 1377.800048828125 1387.5699462890625 1318.3499755859375 1323.6600341796875 1252.06005859375 1136.68994140625 854.94000244140625 936.75 994.92999267578125 1093.530029296875
1926.3599853515625 1757.02001953125 1527.81005859375 1313.3599853515625 1203.8199462890625 1077.9100341796875 1066.3499755859375 991.95001220703125 1115.3800048828125 1282.3800048828125 1344.25 1162.1600341796875 1093.25 1143.3499755859375 1284.4300537109375 1390.1099853515625 1541.969970703125 1757.0699462890625 1721.6500244140625 1589.469970703125 1430.9000244140625 1152.06005859375 1076.25 960.71002197265625 795.030029296875 722.20001220703125 719.32000732421875 720.15997314453125 720.21002197265625 721.25 725.09002685546875 725.40997314453125 724.969970703125 725.3499755859375 1012.65997314453125 1261.9100341796875 1321.93994140625 1265.3800048828125 1252.27001953125 1197.02001953125 954 784.72998046875 968.58001708984375 1023.65997314453125 1141.1800537109375
2007.5899658203125 1736.239990234375 1513.1600341796875 1345.27001953125 1165.469970703125 1067.050048828125 1071.31005859375 1098.5699462890625 1252.199951171875 1446.3299560546875 1407.199951171875 1331.5 1299 1292.300048828125 1231.3499755859375 1385.1800537109375 1525.27001953125 1684.3599853515625 1670.81005859375 1693.800048828125 1578.02001953125 1467.780029296875 1243 1142.27001953125 1028.56005859375 841.4000244140625 719.34002685546875 720.21002197265625 721.3900146484375 723.3599853515625 725.46002197265625 726.94000244140625 726.09002685546875 725.760009765625 813.010009765625 1068.9300537109375 1253.8599853515625 1183.010009765625 1222.699951171875 1096.3800048828125 926.40997314453125 807.280029296875 944.4000244140625 1082.0899658203125 1197.25
1987.77001953125 1725.8299560546875 1501.72998046875 1335.31005859375 1164.3900146484375 1089.760009765625 1179.719970703125 1141.010009765625 1221.72998046875 1467.9000244140625 1586.5699462890625 1456.1400146484375 1452.4200439453125 1459.469970703125 1259.81005859375 1268.31005859375 1440.3900146484375 1551.0999755859375 1603.8199462890625 1675.9300537109375 1741.43994140625 1570.6400146484375 1422.7099609375 1348.7900390625 1260.719970703125 1206.6500244140625 997.1300048828125 729.69000244140625 722.46002197265625 724.6500244140625 726.96002197265625 728.04998779296875 727.65997314453125 727.15997314453125 729.78997802734375 1031.9200439453125 945.32000732421875 871.91998291015625 963.3900146484375 973.66998291015625 770.67999267578125 903.42999267578125 960.80999755859375 1172.8299560546875 1293.469970703125
1866.5400390625 1711.550048828125 1503.43994140625 1318.0799560546875 1155.1300048828125 1146.25 1209.52001953125 1290.9100341796875 1191.280029296875 1394.18994140625 1625.68994140625 1652.030029296875 1631.8599853515625 1564.0999755859375 1454.699951171875 1284.25 1350.4000244140625 1449.0999755859375 1549.5799560546875 1637.3499755859375 1761.8399658203125 1707.1199951171875 1553.5699462890625 1487.6600341796875 1388.81005859375 1254.02001953125 1074.02001953125 785.33001708984375 723.25 725.030029296875 729.58001708984375 729.29998779296875 729.8499755859375 729.71002197265625 730.95001220703125 755.9000244140625 744.95001220703125 774.469970703125 799.02001953125 786.3800048828125 908.59002685546875 948.1400146484375 1010.6300048828125 1303.8299560546875 1373.780029296875
1823.4200439453125 1648.22998046875 1476.18994140625 1326.5699462890625 1197.75 1148.75 1248.4000244140625 1413.93994140625 1358.1700439453125 1353.550048828125 1510.4200439453125 1703.31005859375 1846.2099609375 1731.8800048828125 1597.030029296875 1510.0799560546875 1452.2900390625 1425.9200439453125 1515.25 1581.8299560546875 1700.699951171875 1856.3900146484375 1713.9599609375 1571.489990234375 1450.1099853515625 1312.1600341796875 1222.9300537109375 1070.81005859375 872.47998046875 727.219970703125 730.07000732421875 731.90997314453125 731.530029296875 732.3599853515625 733.21002197265625 735.78997802734375 797.95001220703125 871.21002197265625 757.21002197265625 851.239990234375 987.83001708984375 1037.260009765625 1080.4100341796875 1269.27001953125 1425.1500244140625
1807.1300048828125 1653.199951171875 1548.800048828125 1353.1700439453125 1207.800048828125 1186.7099609375 1303.3900146484375 1457.4300537109375 1507.0999755859375 1355.1500244140625 1476.219970703125 1656.6400146484375 1812.0799560546875 1928.3299560546875 1742.1300048828125 1711.3699951171875 1510.469970703125 1465.8800048828125 1506 1601.969970703125 1700.969970703125 1886.3399658203125 1794.530029296875 1660.97998046875 1511.1700439453125 1457.969970703125 1376.6500244140625 1182.9300537109375 1069.4300537109375 732.4000244140625 729.52001953125 733.21002197265625 731.82000732421875 732.69000244140625 735.04998779296875 734.510009765625 832.97998046875 1094.56005859375 883.469970703125 1058.510009765625 1122.1300048828125 1156.06005859375 1160.02001953125 1257.52001953125 1403.800048828125
1856.989990234375 1724.800048828125 1527.3399658203125 1381.1600341796875 1219.1600341796875 1227.5 1344.3599853515625 1502.260009765625 1610.780029296875 1513.43994140625 1568 1734.8199462890625 1866.0699462890625 1920.9300537109375 1924.1400146484375 1688.6300048828125 1482.8299560546875 1495.8499755859375 1566.1700439453125 1622.6800537109375 1760.449951171875 1938.3599853515625 1860.489990234375 1767.2099609375 1674.0400390625 1579.1800537109375 1425.06005859375 1282.5799560546875 1196.3199462890625 853.8599853515625 734.8499755859375 735.84002685546875 736.96002197265625 733.46002197265625 735.58001708984375 735.1099853515625 908.780029296875 1242.6199951171875 1225.22998046875 1219.6600341796875 1225.31005859375 1233.739990234375 1215.5699462890625 1290.2900390625 1397.56005859375
1891.2099609375 1749.7099609375 1567.3900146484375 1400.5999755859375 1258.5899658203125 1254.6400146484375 1387.18994140625 1531.2099609375 1677.1500244140625 1677.4100341796875 1628.1300048828125 1753.3199462890625 1914.81005859375 1990.1500244140625 1860.5699462890625 1685.2900390625 1600.2900390625 1557.47998046875 1631.0899658203125 1774.969970703125 1820.6500244140625 1978.800048828125 1932.1700439453125 1805.6500244140625 1683.9200439453125 1629.31005859375 1511.52001953125 1386.5999755859375 1295.8900146484375 1211.22998046875 736.0999755859375 738.57000732421875 739.4000244140625 736.16998291015625 737.46002197265625 765.91998291015625 1043.25 1336.1600341796875 1313.3299560546875 1282.8499755859375 1320.3900146484375 1324.4100341796875 1286.4100341796875 1310.3299560546875 1406.199951171875
