SaReine/includes/Alpes100.asc
ncols        224
nrows        263
xllcorner    932775.000000000000
yllcorner    6439250.000000000000
cellsize     100.000000000000
NODATA_value  -99999
[rows 220 to 239 of 263, columns 138 to 183 of 224]
1066.719970703125 1051.31005859375 982.84002685546875 968.70001220703125 1022.5 1022.5 1022.5 1022.5 1022.5 1022.5 1070.43994140625 1166.4000244140625 1167.47998046875 1177.969970703125 1164.81005859375 1147.1500244140625 1166.260009765625 1140.22998046875 1100.6300048828125 1144.5999755859375 1211.260009765625 1218.8399658203125 1192.969970703125 1165.5 1194.3399658203125 1228.2099609375 1255.6300048828125 1245.27001953125 1205.8599853515625 1243.3199462890625 1254.52001953125 1258.1300048828125 1310.5799560546875 1393.3299560546875 1449.010009765625 1491.1300048828125 1523.6300048828125 1530.280029296875 1528.300048828125 1543.9300537109375 1558.06005859375 1538.6800537109375 1556.699951171875 1533.260009765625 1584 1640.4599609375
1094.93994140625 1113.0400390625 1050.699951171875 1032.81005859375 1022.5 1022.5 1022.5 1022.5 1022.5 1022.5 1027.8499755859375 1102.68994140625 1119.3399658203125 1106.5 1083.5400390625 1065.800048828125 1081.4200439453125 1076.1600341796875 1045.219970703125 1112.239990234375 1131.0699462890625 1140.1199951171875 1114.4599609375 1083.449951171875 1122.8399658203125 1160.8499755859375 1184.3299560546875 1171.9200439453125 1145.5 1160.77001953125 1171.75 1224.7900390625 1345.43994140625 1419.280029296875 1426.9000244140625 1449.4599609375 1471.949951171875 1487.2900390625 1497.8399658203125 1512.56005859375 1521.6600341796875 1505.780029296875 1513.3299560546875 1457.1800537109375 1515.739990234375 1549.47998046875
1177.1099853515625 1118.260009765625 1051.22998046875 1022.5 1022.5 1022.5 1022.5 1022.5 1022.5 1022.5 1022.5 1022.5 1045.47998046875 1022.5 1022.5 1022.5 1022.5 1022.5 1022.5 1035.010009765625 1060.030029296875 1061.449951171875 1038.6400146484375 1022.5 1040.7099609375 1071.31005859375 1091.8299560546875 1113.5999755859375 1099.75 1108.8299560546875 1126.1300048828125 1186.31005859375 1358.27001953125 1430.0799560546875 1422.800048828125 1432.4300537109375 1470.93994140625 1502.6099853515625 1523.969970703125 1527.9200439453125 1495.3199462890625 1485.949951171875 1470.9300537109375 1389.2099609375 1426.4300537109375 1450.449951171875
1195.2099609375 1130.2099609375 1069.8399658203125 1022.5 1022.5 1022.5 1022.5 1022.5 1022.5 1022.5 1022.5 1022.5 1022.5 1022.5 1022.5 1022.5 1022.5 1022.5 1022.5 1022.5 1022.5 1022.5 1022.5 1022.5 1022.5 1022.5 1031.9200439453125 1052.949951171875 1054.1600341796875 1069.72998046875 1093.25 1117.530029296875 1203.43994140625 1366.75 1424.530029296875 1429.550048828125 1371.5 1479.6099853515625 1391.4000244140625 1318.949951171875 1344.9300537109375 1308.3699951171875 1248.449951171875 1272.7099609375 1299.97998046875 1266.760009765625
1193.780029296875 1143.219970703125 1095.7900390625 1024.7900390625 1022.5 1022.5 1022.5 1022.5 1022.5 1022.5 1022.5 1022.5 1022.5 1022.5 1022.5 1022.5 1022.5 1022.5 1022.5 1022.5 1022.5 1022.5 1022.5 1022.5 1022.5 1022.5 1022.5 1022.5 1032.31005859375 1045.2900390625 1055.1099853515625 1063.3199462890625 1121.2900390625 1256.800048828125 1373.010009765625 1360.3299560546875 1282.2900390625 1313.56005859375 1288.0999755859375 1243.81005859375 1222.010009765625 1188.949951171875 1173.030029296875 1178.43994140625 1181.6199951171875 1184
1198.7099609375 1142.989990234375 1097.6099853515625 1043.4100341796875 1022.5 1022.5 1034.3199462890625 1053.8199462890625 1066.719970703125 1086.699951171875 1098.030029296875 1073.7099609375 1022.5 1022.5 1022.5 1022.5 1022.5 1022.5 1022.5 1022.5 1022.5 1022.5 1028.9000244140625 1026.6199951171875 1022.5 1022.5 1022.5 1022.5 1022.5 1022.5 1022.5 1022.5 1041.8299560546875 1103.43994140625 1232.77001953125 1212.93994140625 1175.6199951171875 1177.02001953125 1166.9599609375 1166.52001953125 1158.4000244140625 1127.4300537109375 1128.4599609375 1131.469970703125 1133.6700439453125 1127.6300048828125
1204 1148.989990234375 1102.1099853515625 1043.47998046875 1022.5 1064.4300537109375 1102.719970703125 1128.6199951171875 1207.3900146484375 1226.9200439453125 1186.469970703125 1101.449951171875 1047.6700439453125 1022.5 1024.0999755859375 1022.5 1024.3900146484375 1037.5 1034.239990234375 1027.56005859375 1034 1038.6300048828125 1044.72998046875 1044.0799560546875 1045.6300048828125 1041.5899658203125 1054.5999755859375 1047.7099609375 1025.56005859375 1022.5 1022.5 1022.5 1022.5 1022.5 1037.010009765625 1076.77001953125 1073.5899658203125 1077.9300537109375 1088.239990234375 1084.969970703125 1097.3800048828125 1097.199951171875 1093.7099609375 1085.280029296875 1091.699951171875 1109.27001953125
1212.3399658203125 1163.219970703125 1110.6800537109375 1053.47998046875 1060.8599853515625 1124.2099609375 1180.97998046875 1288.0400390625 1285.72998046875 1264.3399658203125 1202.5799560546875 1156.2900390625 1114.27001953125 1081.739990234375 1071.260009765625 1063.68994140625 1068.6099853515625 1078.52001953125 1083.510009765625 1075.050048828125 1068.3399658203125 1080.4000244140625 1087.6700439453125 1089.9300537109375 1090.4200439453125 1087.239990234375 1095.8699951171875 1086.4000244140625 1062.4200439453125 1051.949951171875 1044.530029296875 1037.8199462890625 1039.260009765625 1040.5899658203125 1033.8800048828125 1034.75 1045.3499755859375 1061.8299560546875 1062.72998046875 1070.4300537109375 1070.989990234375 1065.5 1073.260009765625 1093.81005859375 1095.9200439453125 1087.5899658203125
1207.949951171875 1157.0999755859375 1118.550048828125 1097.949951171875 1062.1500244140625 1106.9300537109375 1204.8599853515625 1277.6099853515625 1291.010009765625 1301.1600341796875 1253.6300048828125 1212.02001953125 1187.1199951171875 1152.989990234375 1147.1400146484375 1148.9000244140625 1156.739990234375 1152.1400146484375 1155.06005859375 1143.1400146484375 1138.4000244140625 1139.22998046875 1134.3699951171875 1141.77001953125 1140 1130.75 1138.260009765625 1135.5899658203125 1124.9100341796875 1120.77001953125 1110.8299560546875 1106.6199951171875 1105.510009765625 1090.1800537109375 1080.4300537109375 1099.1400146484375 1126.219970703125 1130.1500244140625 1132.0899658203125 1135.8900146484375 1121.5899658203125 1103.219970703125 1106.4000244140625 1125.8299560546875 1138.469970703125 1125.0699462890625
1213.9200439453125 1169.56005859375 1141.1400146484375 1137.3299560546875 1073.9599609375 1105.0999755859375 1183.97998046875 1230.2099609375 1266.969970703125 1294.5 1296.9200439453125 1278.6400146484375 1251.7099609375 1226.3399658203125 1213.2900390625 1257.0699462890625 1290.2900390625 1231.47998046875 1237.25 1255.0899658203125 1231.72998046875 1207.219970703125 1197.1500244140625 1191.1199951171875 1191.030029296875 1176.969970703125 1185.449951171875 1193.0400390625 1198.239990234375 1188.6099853515625 1179.43994140625 1173.4300537109375 1173.27001953125 1143.0899658203125 1139.75 1152.3199462890625 1181.3499755859375 1191.4200439453125 1193.6300048828125 1184 1163.3499755859375 1158.0799560546875 1164.6300048828125 1168.219970703125 1174.050048828125 1163.6500244140625
1237.9000244140625 1215.22998046875 1192.8299560546875 1166.989990234375 1122.9200439453125 1093.469970703125 1147.8399658203125 1202.9000244140625 1243.9599609375 1281.699951171875 1318.02001953125 1339.1199951171875 1311.030029296875 1293.530029296875 1307.1800537109375 1361.199951171875 1367.699951171875 1324.7900390625 1382.06005859375 1402.4300537109375 1364.530029296875 1282.6300048828125 1270.739990234375 1242.0999755859375 1250.9000244140625 1234.75 1244.6500244140625 1255.550048828125 1265.7099609375 1259.8800048828125 1244.43994140625 1239.489990234375 1223.9300537109375 1192.8199462890625 1212.8199462890625 1219.75 1235.7099609375 1246.719970703125 1249.2900390625 1242.27001953125 1223.56005859375 1224.3900146484375 1230.300048828125 1240.81005859375 1224.050048828125 1267.550048828125
1263.72998046875 1265.260009765625 1248.6099853515625 1215.06005859375 1208.719970703125 1133.199951171875 1158.68994140625 1213.719970703125 1241.06005859375 1283.7900390625 1325.2900390625 1367.9200439453125 1386.3599853515625 1410.739990234375 1429.8199462890625 1438.4300537109375 1443.7099609375 1464.06005859375 1485.8800048828125 1477.0699462890625 1418.0699462890625 1365.43994140625 1358.22998046875 1312.7099609375 1310.5899658203125 1312.300048828125 1310.8800048828125 1320.7900390625 1338.719970703125 1336.1600341796875 1325.1700439453125 1306.300048828125 1275 1287.31005859375 1325.1700439453125 1328.0799560546875 1305.0400390625 1311.93994140625 1312.8800048828125 1309.3800048828125 1327.0400390625 1317.260009765625 1317.6700439453125 1326.43994140625 1271.699951171875 1371.9599609375
1330.699951171875 1334.72998046875 1307.050048828125 1288.5400390625 1267.3900146484375 1176.72998046875 1156.1700439453125 1185.3499755859375 1245.3800048828125 1288.9200439453125 1339 1394.1199951171875 1468.760009765625 1493.280029296875 1502.530029296875 1519.3900146484375 1537.4100341796875 1545.3299560546875 1563.72998046875 1550.4000244140625 1531.3599853515625 1461.1700439453125 1451.27001953125 1382.6500244140625 1370.219970703125 1404.1700439453125 1401.1300048828125 1396.3599853515625 1400.9100341796875 1407.8499755859375 1400.3699951171875 1370.7099609375 1389.8399658203125 1466.81005859375 1515.75 1424.7099609375 1370.5799560546875 1381.8199462890625 1389.949951171875 1389.56005859375 1399.93994140625 1404.0699462890625 1400.4100341796875 1412.43994140625 1350.9200439453125 1457.6400146484375
1398.050048828125 1419.1500244140625 1385.4100341796875 1368.5400390625 1313.6199951171875 1244.989990234375 1195.760009765625 1177.469970703125 1241.4100341796875 1293.949951171875 1350.7900390625 1407.6400146484375 1480.02001953125 1551.8800048828125 1580.22998046875 1603.800048828125 1625.3299560546875 1641.7900390625 1660.5400390625 1626.0999755859375 1595.6500244140625 1579.550048828125 1512.4200439453125 1429.949951171875 1428.3699951171875 1475.949951171875 1497 1476.0400390625 1469.969970703125 1494.3900146484375 1490.219970703125 1534.449951171875 1626.56005859375 1661.800048828125 1638.199951171875 1631.0699462890625 1496.8499755859375 1466.3299560546875 1471.9300537109375 1478.6600341796875 1512.52001953125 1491.97998046875 1492.739990234375 1471.5899658203125 1443.4300537109375 1537.3199462890625
1436.4300537109375 1501.4000244140625 1460.93994140625 1402.3800048828125 1327.9599609375 1268.77001953125 1220.3599853515625 1194.260009765625 1228.6400146484375 1290.56005859375 1349.6800537109375 1393.010009765625 1462.260009765625 1534.0400390625 1607.3699951171875 1647.050048828125 1688.050048828125 1713.8599853515625 1718.239990234375 1693.5899658203125 1669.719970703125 1631.800048828125 1559.6500244140625 1495.7099609375 1512.5699462890625 1553.6700439453125 1591.3699951171875 1552.5699462890625 1546.8900146484375 1585.2099609375 1644.8800048828125 1663.489990234375 1704.8699951171875 1764.9300537109375 1756.8399658203125 1714.0899658203125 1618.8199462890625 1559.9300537109375 1555.6700439453125 1615.1099853515625 1641.27001953125 1618.949951171875 1604.4100341796875 1501.81005859375 1518.9300537109375 1612.8900146484375
1465.6300048828125 1530.9599609375 1468.97998046875 1402.8599853515625 1334.3399658203125 1291.3499755859375 1257.510009765625 1222.3699951171875 1220 1267.719970703125 1306.9100341796875 1351.0799560546875 1435.239990234375 1510.6600341796875 1603.489990234375 1621.1800537109375 1655.8800048828125 1694.1600341796875 1729.43994140625 1735.9000244140625 1730.8499755859375 1693.800048828125 1619.6400146484375 1570.800048828125 1606.469970703125 1634.199951171875 1676.22998046875 1633.010009765625 1636.68994140625 1690.7099609375 1765.219970703125 1799.780029296875 1831.6199951171875 1830.6500244140625 1842.010009765625 1843.3900146484375 1745.530029296875 1653.6700439453125 1661.949951171875 1691.8299560546875 1769.72998046875 1713.22998046875 1611.43994140625 1513.260009765625 1601.43994140625 1714.22998046875
1552.699951171875 1541.3800048828125 1476.4599609375 1407.72998046875 1354.02001953125 1339.8699951171875 1296.43994140625 1276.780029296875 1269.6099853515625 1243.5 1289.02001953125 1354.6700439453125 1414.6099853515625 1480.8499755859375 1537.800048828125 1553.5400390625 1597.050048828125 1640.0699462890625 1680.25 1728.4300537109375 1761.9200439453125 1744.93994140625 1692.4599609375 1652.300048828125 1690.27001953125 1679.3399658203125 1725.550048828125 1702.68994140625 1734.27001953125 1836.1400146484375 1847.2900390625 1883.760009765625 1891.1700439453125 1900.6500244140625 1943.8900146484375 1954.3900146484375 1972.6700439453125 1839.6700439453125 1813.6800537109375 1800.3900146484375 1818.8499755859375 1735.3299560546875 1666.0999755859375 1574.18994140625 1662.550048828125 1778.43994140625
1583.3800048828125 1536.8399658203125 1482.050048828125 1422.06005859375 1403.77001953125 1365.4300537109375 1322.800048828125 1346.239990234375 1319 1285.4599609375 1272.02001953125 1328.0999755859375 1385.8499755859375 1437.739990234375 1466.7099609375 1500.06005859375 1532.8499755859375 1576.1800537109375 1617.489990234375 1701.52001953125 1739.6700439453125 1776.6300048828125 1773.280029296875 1725.43994140625 1753.469970703125 1813.469970703125 1857.6199951171875 1918.7900390625 1910.0799560546875 1949.8199462890625 1994.43994140625 1985.3399658203125 1940.510009765625 1971.5699462890625 2008.8800048828125 2027.760009765625 2049.85009765625 2042.0799560546875 2023.1500244140625 1933.800048828125 1845.3599853515625 1765.6099853515625 1701.1199951171875 1633.5400390625 1723.469970703125 1810.52001953125
1581.3800048828125 1536.1800537109375 1490.6099853515625 1446.22998046875 1410.3199462890625 1381.5400390625 1387.8699951171875 1403.0400390625 1373.510009765625 1365.3599853515625 1308.02001953125 1304.43994140625 1336.1600341796875 1376.4000244140625 1403.5999755859375 1438.8499755859375 1473.0400390625 1505.300048828125 1561.1300048828125 1616.739990234375 1672.0799560546875 1737.5 1807.780029296875 1802.93994140625 1854.760009765625 1893.8499755859375 1930.1700439453125 1977.530029296875 2002.1099853515625 2022.3900146484375 2048.530029296875 2038.280029296875 1998.199951171875 2013.3399658203125 2048.02001953125 2073.760009765625 2079.330078125 2061.3701171875 2037.3800048828125 2030.4300537109375 1901.5899658203125 1797.0400390625 1765.6300048828125 1701.8699951171875 1789.969970703125 1859.4200439453125
1595.0899658203125 1552.27001953125 1511.3599853515625 1477.0400390625 1424.27001953125 1416.9599609375 1472 1437.2099609375 1458.469970703125 1436.4599609375 1346.469970703125 1353.8900146484375 1350.5999755859375 1353.219970703125 1366.0699462890625 1391.1700439453125 1422.699951171875 1472.1500244140625 1526.3199462890625 1575.199951171875 1652.77001953125 1744.1500244140625 1818.18994140625 1885.719970703125 1912.47998046875 1953.77001953125 1997.4200439453125 2023.43994140625 2054.550048828125 2085 2103.820068359375 2090.6201171875 2061.9599609375 2070.530029296875 2096.81005859375 2126.06005859375 2130.889892578125 2104.4599609375 2067.610107421875 2046.8599853515625 1950.4100341796875 1841.81005859375 1811.5400390625 1778.0699462890625 1878.1700439453125 1952.6600341796875
