SaReine/includes/Alpes100.asc
ncols        224
nrows        263
xllcorner    932775.000000000000
yllcorner    6439250.000000000000
cellsize     100.000000000000
NODATA_value  -99999
[rows 220 to 239 of 263, columns 92 to 137 of 224]
1753.469970703125 1732.550048828125 1670.0999755859375 1600.1300048828125 1532.8599853515625 1467.260009765625 1410.9300537109375 1373.969970703125 1344.3199462890625 1302.8900146484375 1273.5699462890625 1243.9300537109375 1211.4300537109375 1207.18994140625 1188.25 1177.010009765625 1158.780029296875 1128.2900390625 1115.1700439453125 1093.6099853515625 1085.3399658203125 1071.5899658203125 1105.8399658203125 1135.8599853515625 1167.949951171875 1193.1500244140625 1228.5799560546875 1293.0999755859375 1308.47998046875 1282.050048828125 1283.489990234375 1265.3699951171875 1207.0999755859375 1145.030029296875 1103.0400390625 1066.8900146484375 1034.2099609375 1005.719970703125 970.760009765625 926.989990234375 918.92999267578125 926.72998046875 948.8599853515625 976.44000244140625 996.80999755859375 1025.3699951171875
1692.1800537109375 1699.0799560546875 1669.6500244140625 1600.3299560546875 1528.530029296875 1471.7900390625 1429.9200439453125 1383.449951171875 1343.6199951171875 1299.9599609375 1268.4100341796875 1241.719970703125 1206.7099609375 1180.8800048828125 1165.4599609375 1158.81005859375 1140.300048828125 1085.719970703125 1053.72998046875 1055.4100341796875 1045.449951171875 1035.1400146484375 1080.81005859375 1108.3299560546875 1133.3699951171875 1153.449951171875 1198.1700439453125 1283.4100341796875 1279 1259.449951171875 1260.47998046875 1251.5 1188.6500244140625 1128.6600341796875 1090.1800537109375 1060.199951171875 1029.02001953125 1003.19000244140625 965.22998046875 917.45001220703125 923.3900146484375 932.8599853515625 959.55999755859375 985.34002685546875 1013.67999267578125 1043.510009765625
1629.550048828125 1641.5899658203125 1648.68994140625 1598.1500244140625 1532.56005859375 1477.760009765625 1434.4100341796875 1380.510009765625 1335.1400146484375 1295.1700439453125 1260.780029296875 1231.030029296875 1205.18994140625 1184.0899658203125 1163.8599853515625 1127.280029296875 1089.3599853515625 1014.8599853515625 1006.489990234375 1018.6199951171875 1008.46002197265625 1020.40997314453125 1058.8499755859375 1080.68994140625 1095.5699462890625 1126.260009765625 1192.0999755859375 1250.81005859375 1255.18994140625 1236.93994140625 1245.8299560546875 1235.6700439453125 1173.5899658203125 1110.7099609375 1082.8900146484375 1053.5699462890625 1012.010009765625 983.97998046875 948.95001220703125 914.0999755859375 927.57000732421875 934.9000244140625 963.30999755859375 995.15997314453125 1045.2099609375 1080.7900390625
1567.0699462890625 1577.97998046875 1597.4300537109375 1586.2099609375 1538.22998046875 1484.6700439453125 1435.0400390625 1386.489990234375 1338.68994140625 1294.510009765625 1261.6700439453125 1231.6800537109375 1206.2099609375 1191.52001953125 1156.050048828125 1119.1300048828125 1061.6099853515625 946.010009765625 966.219970703125 986.989990234375 982.42999267578125 1014.03997802734375 1047.0799560546875 1060.1700439453125 1069.52001953125 1097.469970703125 1168.5 1223.550048828125 1226.4599609375 1225.52001953125 1238.739990234375 1230.6400146484375 1171.3599853515625 1099.6800537109375 1073.8800048828125 1037.0999755859375 981.30999755859375 953.30999755859375 922.47998046875 915.47998046875 933.04998779296875 935.05999755859375 964.44000244140625 1011.30999755859375 1070.5899658203125 1150.3299560546875
1500.3199462890625 1512.72998046875 1536.3299560546875 1548.239990234375 1523.1400146484375 1492.3800048828125 1445.02001953125 1398.300048828125 1350.530029296875 1301.0999755859375 1266.1500244140625 1230.3299560546875 1202.81005859375 1184.8499755859375 1100.449951171875 1056.969970703125 955.6099853515625 908.8499755859375 936 962.04998779296875 959.80999755859375 1001.6400146484375 1037.1500244140625 1034.6700439453125 1052.6199951171875 1073.260009765625 1121.2099609375 1185.8800048828125 1199.7099609375 1216.31005859375 1229.18994140625 1228.7099609375 1160.3800048828125 1089.3599853515625 1054.6700439453125 1001.32000732421875 918.17999267578125 915.90997314453125 919.3599853515625 927.09002685546875 937.5999755859375 940.1300048828125 976.90997314453125 1030.8399658203125 1105.3399658203125 1191.3499755859375
1446.760009765625 1448.6300048828125 1479.0899658203125 1493.93994140625 1476.5999755859375 1460.1600341796875 1425.75 1382.43994140625 1338.1099853515625 1291.1500244140625 1240.300048828125 1194.18994140625 1177.2900390625 1123.43994140625 1010.94000244140625 935.489990234375 853.42999267578125 821.6500244140625 836.46002197265625 870.47998046875 884.6099853515625 926.1400146484375 994.3499755859375 1006.90997314453125 1048.3599853515625 1053.3299560546875 1074.47998046875 1143.6800537109375 1167.5799560546875 1187.0899658203125 1206.9300537109375 1193.1199951171875 1080.4100341796875 1045.469970703125 999.3800048828125 931.469970703125 924.83001708984375 961.8599853515625 939.80999755859375 944.28997802734375 948.510009765625 954.969970703125 1003.70001220703125 1068.0799560546875 1160.280029296875 1237.6500244140625
1426.010009765625 1393.9300537109375 1425 1441.6800537109375 1424.8399658203125 1398.969970703125 1373.0400390625 1338.8800048828125 1287.0999755859375 1243.300048828125 1197.0799560546875 1144.8599853515625 1091.52001953125 1075.5 982.92999267578125 900.44000244140625 799.91998291015625 921.1099853515625 947.219970703125 925.40997314453125 882.44000244140625 830.55999755859375 901.6099853515625 973.77001953125 1044.3299560546875 1006.989990234375 987.989990234375 1027.280029296875 1083.199951171875 1055.3900146484375 1053.300048828125 1025.97998046875 972.1300048828125 958.46002197265625 925.30999755859375 916.510009765625 970.72998046875 977.69000244140625 965.1099853515625 964.780029296875 967 988.1099853515625 1051.2900390625 1132.989990234375 1225.699951171875 1258.280029296875
1401.3499755859375 1359.5699462890625 1374.5799560546875 1394.9000244140625 1374.449951171875 1355.030029296875 1336.239990234375 1295.75 1247.0999755859375 1196.1800537109375 1153.9200439453125 1101.449951171875 981.8599853515625 961.54998779296875 866.79998779296875 795.95001220703125 917.6500244140625 966.1099853515625 981.6300048828125 989.45001220703125 993.780029296875 909.42999267578125 838.83001708984375 869.760009765625 946.53997802734375 904.52001953125 875.15997314453125 889.20001220703125 924.780029296875 904.78997802734375 900.44000244140625 899.25 893.67999267578125 901.8599853515625 929.8900146484375 982.59002685546875 1016.719970703125 1000.1400146484375 992.21002197265625 985.84002685546875 991.91998291015625 1035.02001953125 1106.9200439453125 1175.77001953125 1237.280029296875 1265.1700439453125
1374.949951171875 1345.47998046875 1335.8299560546875 1354.2900390625 1340.5699462890625 1327.780029296875 1305.27001953125 1265.3900146484375 1217.8499755859375 1171.030029296875 1122.449951171875 1032.949951171875 887.07000732421875 863.66998291015625 791.239990234375 929.469970703125 976.59002685546875 991.09002685546875 988.05999755859375 1031.8599853515625 1044.1300048828125 964.58001708984375 960.59002685546875 897.719970703125 833.19000244140625 838.1099853515625 881.77001953125 898.5 888.96002197265625 943.29998779296875 963.010009765625 988.719970703125 1010.03997802734375 1023.46002197265625 1097.4200439453125 1076.6199951171875 1055.3199462890625 1041 1027.489990234375 1012.96002197265625 1040.260009765625 1089.47998046875 1145.2900390625 1208.300048828125 1239.510009765625 1274.0699462890625
1354.030029296875 1325.8199462890625 1301.800048828125 1310.56005859375 1314.6199951171875 1316.0400390625 1288.8299560546875 1241.0400390625 1194.030029296875 1138.8299560546875 1033.06005859375 924.17999267578125 824.8900146484375 779.84002685546875 942.77001953125 970.3800048828125 987.8499755859375 993.1500244140625 988.21002197265625 1063.52001953125 1086.030029296875 1027.75 985.6500244140625 951.3800048828125 921.3900146484375 951.489990234375 981.94000244140625 1022.6099853515625 1030.8399658203125 1125.75 1176.1500244140625 1144.550048828125 1124.989990234375 1177.4000244140625 1180.3800048828125 1152.8199462890625 1115.260009765625 1082.6500244140625 1072.280029296875 1046.6700439453125 1103.280029296875 1152.6500244140625 1198.260009765625 1227.93994140625 1248.3499755859375 1273.0899658203125
1336.5400390625 1306.0799560546875 1284.1300048828125 1279.530029296875 1289.9100341796875 1301.6199951171875 1276.699951171875 1219.8800048828125 1139.260009765625 1043.7099609375 955.9000244140625 876.8900146484375 798.4000244140625 842.989990234375 967.47998046875 977.67999267578125 975.239990234375 981.510009765625 1061.449951171875 1162.3699951171875 1131.4200439453125 1064.43994140625 1034.8800048828125 1014.80999755859375 1016.4000244140625 1028.4300537109375 1055.5699462890625 1107.199951171875 1154.3699951171875 1210.260009765625 1234.4200439453125 1248.5699462890625 1261.47998046875 1251.760009765625 1225.1199951171875 1201.3399658203125 1170.8399658203125 1132.6500244140625 1113.6099853515625 1074.550048828125 1136.06005859375 1202.8599853515625 1223.5 1236.2099609375 1261.75 1268.8499755859375
1306.1099853515625 1277.9100341796875 1265.3800048828125 1254.6300048828125 1249.6700439453125 1259.5699462890625 1244.9300537109375 1197.02001953125 1088.5699462890625 994.54998779296875 914.8499755859375 846.6199951171875 784.72998046875 873.55999755859375 962.59002685546875 965.02001953125 965.42999267578125 1023.65997314453125 1128.1300048828125 1147.18994140625 1123.4599609375 1092.9599609375 1101.3299560546875 1099.1199951171875 1099.81005859375 1108.4599609375 1144.25 1196.030029296875 1230.0400390625 1243.6600341796875 1256.780029296875 1272.4000244140625 1284.0999755859375 1274.050048828125 1250.2099609375 1229.52001953125 1204.3599853515625 1182.1099853515625 1158.06005859375 1118.6700439453125 1134.5799560546875 1226.260009765625 1238.8199462890625 1252.3900146484375 1269.4599609375 1265.25
1270.1500244140625 1242.52001953125 1233.25 1231.6300048828125 1222.1500244140625 1216.5799560546875 1212.8800048828125 1171.0999755859375 1097.1800537109375 992.69000244140625 917.5999755859375 835.75 772.6400146484375 883.1099853515625 936.57000732421875 945.5999755859375 986.6300048828125 1058.739990234375 1083.280029296875 1091.5 1106.2900390625 1118.81005859375 1165.1099853515625 1150.489990234375 1180.1099853515625 1220.8399658203125 1264.5799560546875 1291.719970703125 1284.0899658203125 1275.0799560546875 1274.8399658203125 1282.4000244140625 1296.4599609375 1291.760009765625 1271.22998046875 1255.9000244140625 1241.4200439453125 1224.0899658203125 1201.7900390625 1172.1099853515625 1145.219970703125 1236.1500244140625 1253.780029296875 1264.050048828125 1274.5899658203125 1290.0899658203125
1239.68994140625 1209.3599853515625 1196.9000244140625 1191.260009765625 1220.02001953125 1224.6700439453125 1220.1800537109375 1132.3900146484375 1039.0899658203125 973.280029296875 919.8699951171875 830.3599853515625 795.5 884.239990234375 918.969970703125 963.22998046875 1029.0400390625 1066.3699951171875 1103.6199951171875 1151.0999755859375 1160.1099853515625 1177.8599853515625 1205.8399658203125 1214.8499755859375 1256.8699951171875 1305.3699951171875 1336.8499755859375 1326.9200439453125 1319.8299560546875 1310.5 1301.5699462890625 1298.3599853515625 1305.1300048828125 1300.780029296875 1288.300048828125 1279.6600341796875 1272.6400146484375 1261.72998046875 1244.489990234375 1218.3699951171875 1184.030029296875 1228.9300537109375 1268.8199462890625 1281.52001953125 1297.8299560546875 1338.97998046875
1241.6300048828125 1163.0799560546875 1167.4100341796875 1129.1700439453125 1150.260009765625 1221.72998046875 1213.550048828125 1068.550048828125 997.78997802734375 942.030029296875 894.489990234375 820.219970703125 821.030029296875 899.34002685546875 924.9000244140625 976.45001220703125 1049.3299560546875 1099.0899658203125 1164.31005859375 1216.300048828125 1208.6099853515625 1226.02001953125 1233.8499755859375 1257.5 1301.9000244140625 1355.449951171875 1372.1800537109375 1359.489990234375 1343.8399658203125 1337 1336.75 1333.1400146484375 1324.8800048828125 1319.1800537109375 1316.6700439453125 1310.780029296875 1307.530029296875 1295.68994140625 1280.719970703125 1267.5 1230.0699462890625 1244.72998046875 1281.3199462890625 1300.8499755859375 1325.3800048828125 1373.8699951171875
1139.7900390625 1067.0699462890625 1038.7099609375 1047.719970703125 1046.780029296875 1142.739990234375 1155.9300537109375 1022.33001708984375 956.92999267578125 911.97998046875 864.3800048828125 767.79998779296875 862.8599853515625 916.97998046875 932.02001953125 978.3699951171875 1052.9100341796875 1119.18994140625 1211.56005859375 1256.8599853515625 1250.030029296875 1258.2900390625 1262.949951171875 1291.780029296875 1335.72998046875 1383.010009765625 1396.1500244140625 1386.4000244140625 1379.02001953125 1377.27001953125 1378.239990234375 1377.06005859375 1368.8299560546875 1369.5899658203125 1380.989990234375 1375 1349.4599609375 1331.6099853515625 1318.52001953125 1298.1500244140625 1255.760009765625 1270 1298.7099609375 1321.510009765625 1359.4100341796875 1410.47998046875
894.6400146484375 869.59002685546875 871.91998291015625 897.79998779296875 930.65997314453125 1004.5999755859375 1030.2099609375 973.66998291015625 912.760009765625 814.05999755859375 768.59002685546875 841.45001220703125 903.42999267578125 914.57000732421875 943.3900146484375 989.1099853515625 1072.699951171875 1172.8299560546875 1271.56005859375 1295.0400390625 1294.9300537109375 1281.030029296875 1293.9200439453125 1329.5 1369.1600341796875 1412.3800048828125 1415.72998046875 1415.3399658203125 1419.75 1422.7099609375 1428.52001953125 1430.1400146484375 1418.25 1428.43994140625 1460.81005859375 1435.969970703125 1399.760009765625 1374.3499755859375 1354.93994140625 1322.989990234375 1280.6500244140625 1312.7900390625 1328.75 1348.1400146484375 1393.56005859375 1447.6199951171875
752.78997802734375 746 746 764.22998046875 824.8900146484375 883.1300048828125 953.989990234375 923.02001953125 833.70001220703125 775.69000244140625 855.71002197265625 916.5999755859375 915.780029296875 925.07000732421875 953.07000732421875 1008.32000732421875 1091.1800537109375 1254.0799560546875 1327.449951171875 1335.72998046875 1325.6300048828125 1305.93994140625 1333.949951171875 1365.7099609375 1409.8699951171875 1446.18994140625 1440.949951171875 1450.2900390625 1462.56005859375 1469.1800537109375 1474.8900146484375 1480.3699951171875 1478.4300537109375 1482.9000244140625 1507.760009765625 1480.75 1454.02001953125 1428.3599853515625 1400.3499755859375 1348.739990234375 1310.3699951171875 1347.1800537109375 1372.010009765625 1385.0400390625 1428.4000244140625 1508.219970703125
744.91998291015625 746 749.3599853515625 746 756.19000244140625 842.02001953125 886.04998779296875 827.6500244140625 764.280029296875 859.32000732421875 911.8499755859375 930.1099853515625 934.760009765625 943.260009765625 973.030029296875 1032.25 1119.989990234375 1325.6800537109375 1363.22998046875 1367.050048828125 1350.8800048828125 1340.800048828125 1366.3900146484375 1402.760009765625 1444.1700439453125 1468.31005859375 1478.4599609375 1492.1800537109375 1505.4100341796875 1518.31005859375 1529.5 1533.3199462890625 1536.0400390625 1539.5 1553.3900146484375 1527.1500244140625 1501.8399658203125 1474.9100341796875 1428.1800537109375 1374.8399658203125 1341.47998046875 1376.4000244140625 1401.449951171875 1432.0999755859375 1475.4200439453125 1542
749.53997802734375 790.57000732421875 804.739990234375 751.44000244140625 761.69000244140625 845.969970703125 839.97998046875 764.02001953125 798.469970703125 898.34002685546875 928.59002685546875 955.25 961.97998046875 963.30999755859375 994.8599853515625 1055.3299560546875 1141.0799560546875 1275.8399658203125 1386.8699951171875 1390.3299560546875 1368.8399658203125 1376.2099609375 1402.6199951171875 1440.3499755859375 1483 1499.8599853515625 1518.780029296875 1530.530029296875 1550.4100341796875 1571.4100341796875 1583.5400390625 1593.3299560546875 1600.8299560546875 1608.22998046875 1603.3499755859375 1574.8299560546875 1542.280029296875 1500.0699462890625 1447.5 1394.6199951171875 1371.5999755859375 1398.81005859375 1446.989990234375 1492.1400146484375 1538.6500244140625 1582.93994140625
