SaReine/includes/Alpes50.asc
ncols        447
nrows        526
xllcorner    932775.000000000000
yllcorner    6439250.000000000000
cellsize     50.000000000000
NODATA_value  -99999
[rows 380 to 399 of 526, columns 180 to 224 of 447]
1795.5899658203125 1799.8800048828125 1802.969970703125 1803.6800537109375 1806.02001953125 1807.989990234375 1809.219970703125 1809.5799560546875 1809.9599609375 1809.199951171875 1807.8199462890625 1809.3299560546875 1813.56005859375 1818.260009765625 1819.050048828125 1823.75 1828.6300048828125 1828.6300048828125 1831.949951171875 1833.3699951171875 1831.6199951171875 1827.5699462890625 1834.239990234375 1841.469970703125 1847.0699462890625 1855.6500244140625 1863.050048828125 1868.969970703125 1876.1700439453125 1883.56005859375 1887.5799560546875 1876.4599609375 1873.8800048828125 1868.3800048828125 1870.18994140625 1871.8199462890625 1874.68994140625 1880.030029296875 1890.56005859375 1891.5999755859375 1888.010009765625 1876.0799560546875 1864.0999755859375 1846.3900146484375 1821.1700439453125
1791.1500244140625 1797.81005859375 1801.75 1805.1199951171875 1808.989990234375 1808.8599853515625 1810.4200439453125 1811.6800537109375 1812.8599853515625 1814.27001953125 1816.050048828125 1820.2900390625 1823.030029296875 1826.8599853515625 1829.5 1836.1099853515625 1841.1700439453125 1845.9200439453125 1850.199951171875 1852.5699462890625 1849.93994140625 1851.4200439453125 1857.6099853515625 1866.699951171875 1872.4599609375 1882.1400146484375 1888.0699462890625 1893.8299560546875 1896.489990234375 1900.3399658203125 1903.7900390625 1903.8399658203125 1901.75 1901.199951171875 1904.47998046875 1905.199951171875 1908.1400146484375 1914.6400146484375 1930.5699462890625 1929.739990234375 1916.3399658203125 1899.3900146484375 1881.1099853515625 1860.5799560546875 1832.22998046875
1787.1400146484375 1794.0999755859375 1802.030029296875 1807.0799560546875 1811.9100341796875 1813.0699462890625 1815.22998046875 1817.06005859375 1819.5799560546875 1821.989990234375 1826.030029296875 1832.52001953125 1835.4200439453125 1838.9200439453125 1844.1800537109375 1853.6199951171875 1859.3399658203125 1865.260009765625 1869.800048828125 1872.7900390625 1873.4599609375 1874.5799560546875 1885.550048828125 1892.530029296875 1897.1400146484375 1905.8499755859375 1910.050048828125 1915.1400146484375 1920.5999755859375 1924.260009765625 1927.25 1928.4100341796875 1929.4300537109375 1928.8800048828125 1931.3299560546875 1935.1400146484375 1939.0400390625 1949.52001953125 1964.22998046875 1953.6099853515625 1931.449951171875 1910.5799560546875 1889.949951171875 1866.219970703125 1836.27001953125
1787.2099609375 1793.72998046875 1800.550048828125 1809.3699951171875 1812.6099853515625 1816.8499755859375 1819.5899658203125 1824.550048828125 1830.31005859375 1833.77001953125 1838.25 1845.2900390625 1848.77001953125 1851.530029296875 1863.2099609375 1874.050048828125 1881.1099853515625 1886.760009765625 1893.3199462890625 1897.550048828125 1899.02001953125 1904.3499755859375 1910.260009765625 1915.93994140625 1921.7099609375 1931 1938.3299560546875 1945.4000244140625 1948.699951171875 1953.6700439453125 1961.6099853515625 1963.0699462890625 1963.989990234375 1962.18994140625 1964.0999755859375 1969.1400146484375 1977.449951171875 1989.0999755859375 1985.81005859375 1966.800048828125 1940.5999755859375 1919.4300537109375 1896.5799560546875 1871.06005859375 1843.4599609375
1785.56005859375 1792.1500244140625 1799.6500244140625 1810.6800537109375 1817.9000244140625 1825.5400390625 1831.81005859375 1833.219970703125 1838.0999755859375 1843.8900146484375 1849.8299560546875 1853.949951171875 1861.0799560546875 1870.6800537109375 1885.68994140625 1897.8599853515625 1907.1199951171875 1917.4599609375 1919.5699462890625 1922.27001953125 1924.9300537109375 1926.3800048828125 1931.97998046875 1940.550048828125 1946.550048828125 1958.18994140625 1967.22998046875 1974.52001953125 1980.800048828125 1986.969970703125 1992.75 1995.6400146484375 1996.0699462890625 1995.72998046875 1998.2900390625 2005.0799560546875 2005 2009.18994140625 1996.22998046875 1971.1500244140625 1947.8299560546875 1926.5 1902.030029296875 1877.8900146484375 1852.5999755859375
1785.010009765625 1793.56005859375 1803.1500244140625 1810.7099609375 1826.3199462890625 1832.949951171875 1838.0799560546875 1844 1850.489990234375 1853.7900390625 1860.4300537109375 1869.25 1881.9000244140625 1897.030029296875 1911.52001953125 1924.97998046875 1937.0699462890625 1942.260009765625 1944.2099609375 1941.4599609375 1942.0799560546875 1945.5699462890625 1950.6800537109375 1960.0699462890625 1970.0799560546875 1981.6700439453125 1992.1700439453125 1998.2099609375 2003.7099609375 2010.3800048828125 2020.239990234375 2027.800048828125 2026.6199951171875 2021.5699462890625 2017.969970703125 2021.18994140625 2020.77001953125 2015.550048828125 2004.1300048828125 1979.760009765625 1955.77001953125 1932.260009765625 1906.7900390625 1883.18994140625 1857.7900390625
1788.8900146484375 1801.8499755859375 1812.6400146484375 1817.18994140625 1823.760009765625 1833.1300048828125 1842.5699462890625 1854.469970703125 1859.72998046875 1863.050048828125 1871.1700439453125 1886.5799560546875 1905.5400390625 1927.6199951171875 1945.8900146484375 1959.8800048828125 1966.8900146484375 1967.199951171875 1964.1099853515625 1959.5999755859375 1959.0400390625 1960.6400146484375 1968.9200439453125 1980.0999755859375 1992.9599609375 2004.010009765625 2012.4000244140625 2017.72998046875 2021.9000244140625 2031.81005859375 2039.739990234375 2046.27001953125 2045.97998046875 2043.760009765625 2033.4300537109375 2031.0799560546875 2028.3199462890625 2025.02001953125 2010.0999755859375 1989.9100341796875 1964.489990234375 1936.280029296875 1909.97998046875 1884.6099853515625 1860.3499755859375
1792.56005859375 1806.31005859375 1817.6600341796875 1827.0799560546875 1833.9200439453125 1841.81005859375 1851.56005859375 1861.6600341796875 1865.93994140625 1872.4200439453125 1888.760009765625 1910.6400146484375 1933.030029296875 1953.2099609375 1973.550048828125 1988.260009765625 1995.06005859375 1991.31005859375 1983.6099853515625 1980.7099609375 1979.8499755859375 1983.280029296875 1990.6300048828125 2003.6099853515625 2019.6600341796875 2028.3599853515625 2034.4300537109375 2042.1800537109375 2044.56005859375 2052.5 2060.27001953125 2067.969970703125 2063.070068359375 2056.860107421875 2050.4599609375 2049.25 2039.4599609375 2031.0400390625 2014.1700439453125 1994.239990234375 1971.27001953125 1942.1099853515625 1915.0899658203125 1886.780029296875 1860.56005859375
1793.219970703125 1804.5 1819.6199951171875 1831.06005859375 1840.260009765625 1846.27001953125 1857.9200439453125 1865.0799560546875 1873.6800537109375 1887.8599853515625 1908.8199462890625 1936.6500244140625 1957 1973.8399658203125 1991.2099609375 2004.780029296875 2013.300048828125 2009.25 2001.6800537109375 2004.3199462890625 2009.1400146484375 2011.1400146484375 2016.969970703125 2029.8299560546875 2045.8599853515625 2053.25 2059.5400390625 2058.47998046875 2056.969970703125 2065.800048828125 2072.389892578125 2074.7900390625 2072.93994140625 2064.8701171875 2059.580078125 2056.139892578125 2048.030029296875 2036.31005859375 2022.8900146484375 1999.6099853515625 1972.97998046875 1944.02001953125 1917.0899658203125 1889.1500244140625 1861.8299560546875
1794.0799560546875 1803.75 1814.010009765625 1831.27001953125 1844.0899658203125 1849.949951171875 1860.9100341796875 1870.530029296875 1886.1199951171875 1904.77001953125 1928.4300537109375 1957.6600341796875 1974.5699462890625 1991.9100341796875 2007.8800048828125 2021.0699462890625 2025.449951171875 2022.739990234375 2024.52001953125 2025.530029296875 2028.969970703125 2037.3699951171875 2047.050048828125 2052.909912109375 2060.5 2065.340087890625 2069.389892578125 2062.830078125 2056.530029296875 2065.590087890625 2068.81005859375 2066.820068359375 2063.330078125 2054.429931640625 2051.0400390625 2045.780029296875 2030.5699462890625 2025.0699462890625 2019.489990234375 1999.3499755859375 1971.510009765625 1943.5999755859375 1917.81005859375 1891.6700439453125 1864.77001953125
1789.6700439453125 1797.9000244140625 1813.72998046875 1834.3299560546875 1853.6700439453125 1863.9000244140625 1872.8299560546875 1887.0799560546875 1904.3599853515625 1925.31005859375 1947.25 1970.31005859375 1986.6600341796875 1998.1600341796875 2011.9300537109375 2023.75 2032.489990234375 2037.6099853515625 2038.2099609375 2043.739990234375 2051.89990234375 2064.8701171875 2068.68994140625 2069.389892578125 2071.090087890625 2068.840087890625 2070.6201171875 2063.169921875 2056.81005859375 2058.93994140625 2058.570068359375 2055.8701171875 2049.7900390625 2040.800048828125 2032.8299560546875 2022.18994140625 2009.719970703125 2004.4300537109375 2002.9300537109375 1990.8499755859375 1965.8599853515625 1939.68994140625 1914.6800537109375 1892.949951171875 1866.31005859375
1788.4200439453125 1800.800048828125 1822.0699462890625 1846.1800537109375 1868.030029296875 1883.030029296875 1892.5799560546875 1903.6400146484375 1916.5899658203125 1940.0699462890625 1964.43994140625 1982.0699462890625 1997.5899658203125 2017.449951171875 2035.6400146484375 2041.27001953125 2044.6600341796875 2050.35009765625 2054.360107421875 2062.050048828125 2069.8798828125 2082.280029296875 2083.419921875 2083.889892578125 2081.090087890625 2077.77001953125 2075.719970703125 2069.840087890625 2064.2900390625 2059.18994140625 2051.89990234375 2046.050048828125 2037.5999755859375 2025.9200439453125 2012.219970703125 1998.1099853515625 1989.1500244140625 1983.1800537109375 1982.1800537109375 1977.6400146484375 1960.9200439453125 1936.1800537109375 1910.3599853515625 1890.1400146484375 1864.3299560546875
1783.800048828125 1804.1400146484375 1830.6500244140625 1858.3599853515625 1880.239990234375 1897.760009765625 1911.68994140625 1921.2099609375 1933.469970703125 1954.1099853515625 1975.06005859375 1994.06005859375 2014.3699951171875 2041.8599853515625 2058.89990234375 2067.47998046875 2070.199951171875 2071.840087890625 2074.68994140625 2083.25 2089.1201171875 2097.659912109375 2100.389892578125 2099.280029296875 2093.419921875 2087.860107421875 2082.360107421875 2075.679931640625 2066.8798828125 2058 2046.4200439453125 2033.8499755859375 2022.3699951171875 2005.0699462890625 1989.7099609375 1976.949951171875 1967.949951171875 1958.4599609375 1958.81005859375 1958.81005859375 1947.6700439453125 1930.489990234375 1906.3399658203125 1885.25 1862.739990234375
1777.1400146484375 1802.8399658203125 1835.030029296875 1866.2900390625 1891.77001953125 1912.0799560546875 1929.0899658203125 1939.93994140625 1955.280029296875 1970.3699951171875 1986.969970703125 2005.6600341796875 2034.969970703125 2058.6201171875 2072.169921875 2083 2092.2099609375 2094.10009765625 2099.219970703125 2107.010009765625 2113.300048828125 2118.6201171875 2116.179931640625 2113.77001953125 2103.889892578125 2092.179931640625 2080.85009765625 2074.2900390625 2068.72998046875 2058.139892578125 2042.4100341796875 2024.3299560546875 2005.510009765625 1985.010009765625 1965.8900146484375 1952.93994140625 1945.8199462890625 1936.52001953125 1935.239990234375 1936.81005859375 1930.2900390625 1920.6400146484375 1898.719970703125 1877.010009765625 1859.31005859375
1775.199951171875 1801.1600341796875 1832.31005859375 1867.9000244140625 1900.699951171875 1920.5699462890625 1940.52001953125 1955.2099609375 1972.3299560546875 1983.0400390625 1995.550048828125 2017.780029296875 2048.639892578125 2078.510009765625 2094.47998046875 2101.68994140625 2109.239990234375 2114.35009765625 2120.22998046875 2127.9599609375 2134.449951171875 2134.580078125 2128.14990234375 2120.3701171875 2108.39990234375 2091.77001953125 2078.239990234375 2073.080078125 2066.159912109375 2057.72998046875 2041.8699951171875 2020.8699951171875 1998.8800048828125 1971.47998046875 1947.43994140625 1931.699951171875 1923.06005859375 1915.5799560546875 1910.2099609375 1913.199951171875 1911.3699951171875 1903.1199951171875 1886.4100341796875 1869.6199951171875 1854.22998046875
1767.6099853515625 1795.550048828125 1828.510009765625 1865.81005859375 1897.3399658203125 1920.6400146484375 1944.510009765625 1963.8800048828125 1978.3399658203125 1987.0799560546875 2003.780029296875 2031.510009765625 2061.800048828125 2087.070068359375 2110.5400390625 2118.260009765625 2125.330078125 2133.22998046875 2142.820068359375 2142.669921875 2146.97998046875 2145.639892578125 2134.31005859375 2123.06005859375 2109.139892578125 2096.5 2081.300048828125 2069.860107421875 2062.530029296875 2054.570068359375 2037.469970703125 2016.4200439453125 1994.6099853515625 1971.6300048828125 1942.9000244140625 1920.4300537109375 1900.0400390625 1892.739990234375 1886.2900390625 1890.239990234375 1891.3800048828125 1885.1099853515625 1873.3900146484375 1857.8299560546875 1845.3199462890625
1760.030029296875 1788.9300537109375 1823.1099853515625 1860.0400390625 1890 1916.9100341796875 1940.760009765625 1960.56005859375 1970.1400146484375 1983.18994140625 2009.010009765625 2042.5 2071.530029296875 2097.260009765625 2115.5400390625 2126.800048828125 2134.8701171875 2142.77001953125 2148.389892578125 2148.969970703125 2148.840087890625 2146.169921875 2134.840087890625 2120.3701171875 2108.239990234375 2098.97998046875 2085.550048828125 2069.030029296875 2059.52001953125 2048.18994140625 2030.8499755859375 2011.56005859375 1989.550048828125 1964.9000244140625 1940.6099853515625 1920.22998046875 1897.3299560546875 1876.5699462890625 1865.75 1867.9599609375 1869.3399658203125 1865.5400390625 1856.8399658203125 1847.3699951171875 1837.8800048828125
1750.93994140625 1779.81005859375 1813.4000244140625 1849.3800048828125 1880.4300537109375 1908.8199462890625 1930.18994140625 1945.8900146484375 1954.3900146484375 1977.1199951171875 2005.8399658203125 2046.300048828125 2071.64990234375 2098.949951171875 2113.8798828125 2127.409912109375 2139.9599609375 2150.860107421875 2153.7099609375 2153.81005859375 2151.239990234375 2146.5400390625 2137.169921875 2121.199951171875 2110.06005859375 2101.780029296875 2086.590087890625 2067.7900390625 2056.8701171875 2038.050048828125 2016.4100341796875 1995.3699951171875 1974.8399658203125 1951.9200439453125 1933.219970703125 1915.1800537109375 1894.81005859375 1874.3499755859375 1853.81005859375 1845.2099609375 1843.1099853515625 1843.1099853515625 1842.5899658203125 1835.3599853515625 1825.969970703125
1742.4000244140625 1768.050048828125 1799.02001953125 1836.81005859375 1870.47998046875 1895.0699462890625 1915.5999755859375 1929.8499755859375 1943.43994140625 1966.469970703125 1995.469970703125 2035.780029296875 2062.260009765625 2087.070068359375 2106.5 2122.60009765625 2136.43994140625 2152.52001953125 2163.860107421875 2166.159912109375 2165.2099609375 2157.68994140625 2143.68994140625 2125.669921875 2115.409912109375 2104.22998046875 2084.820068359375 2064.659912109375 2051.7900390625 2032.25 2009.0799560546875 1982.6500244140625 1957.7900390625 1937.300048828125 1918.2900390625 1901.3399658203125 1884.9200439453125 1867.550048828125 1850.550048828125 1831.06005859375 1811.719970703125 1815.989990234375 1820.5 1817.81005859375 1805.050048828125
1730.1400146484375 1755.5699462890625 1787.3699951171875 1820.050048828125 1853.949951171875 1883.3800048828125 1901.25 1913.8800048828125 1929.75 1952.3699951171875 1978.3299560546875 2009.9000244140625 2037.010009765625 2064.010009765625 2088.60009765625 2110.52001953125 2126.6298828125 2150.909912109375 2163.530029296875 2166.030029296875 2173.02001953125 2167.179931640625 2149.669921875 2130.25 2117.320068359375 2104.25 2087.47998046875 2065.39990234375 2047.739990234375 2027.8199462890625 2006.47998046875 1980.3699951171875 1956.18994140625 1937.1400146484375 1916.06005859375 1895.5 1875.1099853515625 1855.1700439453125 1838.8699951171875 1821.72998046875 1796.02001953125 1784.8599853515625 1788.510009765625 1788.8299560546875 1780.2900390625
