SaReine/includes/Alpes100.asc
ncols        224
nrows        263
xllcorner    932775.000000000000
yllcorner    6439250.000000000000
cellsize     100.000000000000
NODATA_value  -99999
[rows 160 to 179 of 263, columns 0 to 45 of 224]
1119.449951171875 1202.81005859375 1295.7099609375 1376.27001953125 1451.31005859375 1581.5699462890625 1713.1300048828125 1840.489990234375 1991.239990234375 1960.449951171875 1952.8299560546875 2086.580078125 2153.659912109375 2046.6099853515625 1969.6099853515625 1916.3399658203125 1893.8499755859375 1909.9599609375 1979.3399658203125 1948.4599609375 1853.280029296875 1820.72998046875 1799.469970703125 1723.81005859375 1698.1199951171875 1644.8499755859375 1570.9200439453125 1402.3199462890625 1287.27001953125 1128.739990234375 947.260009765625 878.5 808.20001220703125 737.260009765625 711.3800048828125 711.53997802734375 711.44000244140625 711.15997314453125 711.21002197265625 710.969970703125 710.96002197265625 710.94000244140625 710.82000732421875 711.260009765625 711.3599853515625 711.47998046875
1121.8800048828125 1199.6800537109375 1298.9000244140625 1407.56005859375 1562.06005859375 1623.0400390625 1682.4300537109375 1789.52001953125 1940.239990234375 2046.8800048828125 2081.110107421875 2086.2099609375 2198.360107421875 2146.27001953125 2066.2099609375 2033.8599853515625 1995.469970703125 2005.760009765625 2045.5799560546875 2037.7900390625 1951.52001953125 1891.0999755859375 1808.3499755859375 1638.6600341796875 1609.0999755859375 1628.68994140625 1534.7099609375 1358.3199462890625 1221.27001953125 1040.699951171875 911.07000732421875 846.83001708984375 790.5 736.72998046875 711.5 711.1300048828125 711.280029296875 711.260009765625 711.27001953125 711.530029296875 711.20001220703125 711.04998779296875 711.3800048828125 711.25 711.4000244140625 711.52001953125
1179.3800048828125 1228.9300537109375 1354.510009765625 1409.5400390625 1512.47998046875 1718.3800048828125 1813.719970703125 1888.6199951171875 1998.280029296875 2090.949951171875 2193.02001953125 2198.760009765625 2232.929931640625 2242.830078125 2162.6201171875 2118.669921875 2082.10009765625 2109.169921875 2080.949951171875 1957.4100341796875 1871.0400390625 1867.719970703125 1788.9200439453125 1677.6800537109375 1516.7900390625 1566.050048828125 1390.989990234375 1234.260009765625 1083.77001953125 1000.5999755859375 919.4000244140625 847.6500244140625 774.78997802734375 738.8599853515625 722.66998291015625 710.91998291015625 711.41998291015625 710.79998779296875 711.54998779296875 711.530029296875 711.34002685546875 711.280029296875 710.84002685546875 711.4000244140625 711.21002197265625 711.5999755859375
1263.550048828125 1232.06005859375 1350.0899658203125 1538.760009765625 1622.3399658203125 1680.760009765625 1780.8199462890625 1875.3399658203125 2012.72998046875 2116.139892578125 2205.8798828125 2277.080078125 2327.139892578125 2315.929931640625 2249.22998046875 2193.300048828125 2160.85009765625 2105.89990234375 2037.72998046875 1911.8399658203125 1872.0799560546875 1729.8800048828125 1674.4100341796875 1542.760009765625 1471.3599853515625 1422.72998046875 1275.8699951171875 1165.7900390625 1106.699951171875 1049.449951171875 970.25 862.969970703125 791.4000244140625 765.70001220703125 742.66998291015625 714.90997314453125 711.59002685546875 711.19000244140625 712.21002197265625 711.57000732421875 711.41998291015625 711.3499755859375 711.4000244140625 711.45001220703125 711.58001708984375 711.82000732421875
1388.8299560546875 1342.6800537109375 1349.3399658203125 1550.030029296875 1678.25 1761.47998046875 1817.6099853515625 1929.8499755859375 2035.219970703125 2131.22998046875 2256.22998046875 2338.1298828125 2393.68994140625 2355.72998046875 2303.280029296875 2193.429931640625 2117.97998046875 2048.010009765625 1940.81005859375 1841.8800048828125 1724.3499755859375 1639.7099609375 1543.699951171875 1445.449951171875 1372.1099853515625 1278.06005859375 1230.9300537109375 1183.300048828125 1111.56005859375 1040.199951171875 976.3900146484375 917.8800048828125 820.90997314453125 786.02001953125 747.760009765625 720.8599853515625 710.90997314453125 711.6500244140625 711.71002197265625 711.6500244140625 711.6500244140625 711.46002197265625 711.510009765625 711.25 711.72998046875 712.03997802734375
1483.4200439453125 1423.5799560546875 1393.739990234375 1551.949951171875 1657.27001953125 1795.0799560546875 1836.8599853515625 1979.8399658203125 2068.6298828125 2159.739990234375 2256.35009765625 2359.43994140625 2420.5400390625 2382.429931640625 2306.280029296875 2202.669921875 2059.070068359375 1967.9100341796875 1872.949951171875 1798.81005859375 1649.6600341796875 1536.02001953125 1456.6400146484375 1381.6600341796875 1345.3499755859375 1297.0999755859375 1226.9200439453125 1157.27001953125 1082.3399658203125 1026.3399658203125 950.219970703125 903.46002197265625 850.46002197265625 798.5 757.969970703125 726.47998046875 711.6400146484375 711.96002197265625 711.780029296875 711.6500244140625 711.95001220703125 711.70001220703125 711.719970703125 711.6300048828125 712.030029296875 712.09002685546875
1563.3900146484375 1476.6300048828125 1464.219970703125 1576.8699951171875 1770.0999755859375 1935.31005859375 1942.6800537109375 2068.669921875 2163.419921875 2244.0400390625 2325.159912109375 2409.449951171875 2439.2900390625 2372.389892578125 2287.860107421875 2186.010009765625 2077.610107421875 1940.510009765625 1845.8399658203125 1767.449951171875 1624.1500244140625 1567.5 1541.449951171875 1482.6600341796875 1430.1800537109375 1342.0799560546875 1299.0799560546875 1198.719970703125 1107.06005859375 1038.9100341796875 966.16998291015625 895.84002685546875 833.030029296875 798.25 755.280029296875 728.58001708984375 711.79998779296875 711.54998779296875 711.5999755859375 711.77001953125 712.1300048828125 711.96002197265625 711.9000244140625 712.07000732421875 712.030029296875 712.29998779296875
1609.02001953125 1545.1700439453125 1524.1700439453125 1626.280029296875 1828.4200439453125 2017.68994140625 2044.3900146484375 2121.919921875 2233.969970703125 2327.6201171875 2384.340087890625 2443.780029296875 2415.93994140625 2376.31005859375 2296.300048828125 2201.179931640625 2079.6298828125 1933.47998046875 1838.77001953125 1748.1500244140625 1647.030029296875 1597.93994140625 1570.18994140625 1548.4100341796875 1470.739990234375 1403.6199951171875 1306.6099853515625 1239.1199951171875 1115.8599853515625 1061.0899658203125 943.84002685546875 880.70001220703125 815.96002197265625 773.82000732421875 746.6500244140625 721.530029296875 711.72998046875 711.20001220703125 711.75 712.21002197265625 711.9000244140625 711.969970703125 711.94000244140625 711.8800048828125 712.33001708984375 712.5
1697.56005859375 1610.9100341796875 1587.81005859375 1682.5699462890625 1902 2018.9000244140625 2125.820068359375 2200.969970703125 2304.18994140625 2430.820068359375 2416.699951171875 2426.5400390625 2378.219970703125 2311.409912109375 2317.330078125 2215.52001953125 2084.800048828125 1936.8599853515625 1827.510009765625 1712.550048828125 1654.72998046875 1610.8599853515625 1570.0699462890625 1553.1500244140625 1502.1300048828125 1408.4599609375 1357.8800048828125 1269.280029296875 1172.3599853515625 1009.6500244140625 927.72998046875 857.6500244140625 788.0999755859375 742.08001708984375 722.34002685546875 714.16998291015625 711.66998291015625 711.469970703125 711.280029296875 712.3800048828125 712.010009765625 712.0999755859375 711.95001220703125 712.21002197265625 712.3800048828125 712.09002685546875
1800.81005859375 1709.1199951171875 1660.949951171875 1768.47998046875 1942.77001953125 2093.97998046875 2124.5400390625 2224.570068359375 2341.7900390625 2433.889892578125 2366.570068359375 2343.389892578125 2327.889892578125 2259.449951171875 2268.919921875 2216.22998046875 2068.1298828125 1886.489990234375 1777.3399658203125 1708.0699462890625 1643.949951171875 1590.3900146484375 1573.6600341796875 1550.6500244140625 1503.97998046875 1368.7900390625 1279.4599609375 1213.260009765625 1091.800048828125 1048.97998046875 894.6400146484375 829.41998291015625 768.96002197265625 720.3900146484375 711.47998046875 711.59002685546875 711.6300048828125 711.5 711.530029296875 711.82000732421875 712.15997314453125 712.21002197265625 712.1500244140625 712.469970703125 712.46002197265625 712.75
1929.0999755859375 1829.8900146484375 1740.3599853515625 1848.5 2038.719970703125 2178.340087890625 2187.419921875 2234.889892578125 2363.18994140625 2422.8701171875 2359.64990234375 2308.5 2252.93994140625 2204.610107421875 2218.1298828125 2153.010009765625 2027.7900390625 1859.4100341796875 1750.300048828125 1698.5799560546875 1626.050048828125 1568.4000244140625 1540.530029296875 1515.760009765625 1433.800048828125 1343.5799560546875 1232 1131.199951171875 1053.469970703125 974.47998046875 902.40997314453125 831.760009765625 771.90997314453125 720 711.8800048828125 711.719970703125 711.82000732421875 711.3499755859375 711.33001708984375 711.95001220703125 712.07000732421875 712.510009765625 712.34002685546875 712.5999755859375 712.65997314453125 713.0999755859375
2045.300048828125 1927.7900390625 1822.1600341796875 1914.22998046875 2041.260009765625 2205.780029296875 2289.840087890625 2315.090087890625 2368.56005859375 2315.18994140625 2250.110107421875 2204.6298828125 2198.510009765625 2143.68994140625 2133.8701171875 2079.889892578125 2007.81005859375 1804.75 1725.0999755859375 1671.219970703125 1627.5899658203125 1562.5 1510.8499755859375 1454.1199951171875 1385.0400390625 1264.300048828125 1187.0799560546875 1114.3399658203125 1041.02001953125 964.1099853515625 892.1500244140625 825.22998046875 760.57000732421875 713.28997802734375 711.96002197265625 712 711.719970703125 711.59002685546875 711.75 712.260009765625 712.45001220703125 712.53997802734375 712.530029296875 712.58001708984375 712.8900146484375 713.08001708984375
2092.6201171875 2007.52001953125 1923.5699462890625 2084.6201171875 2050.06005859375 2195.139892578125 2327.10009765625 2392.969970703125 2380.3798828125 2316.860107421875 2259.14990234375 2179.320068359375 2136.179931640625 2101.010009765625 2059.25 1991.77001953125 1906.0400390625 1777.6800537109375 1697.9000244140625 1636.0999755859375 1594.47998046875 1562.449951171875 1508.469970703125 1418.43994140625 1350.530029296875 1280.0999755859375 1165.5 1087.3499755859375 1025.699951171875 949.70001220703125 877.84002685546875 811.04998779296875 748.33001708984375 713.59002685546875 711.91998291015625 712.469970703125 712.030029296875 711.71002197265625 712 712.469970703125 712.760009765625 712.8499755859375 712.84002685546875 712.96002197265625 713.010009765625 713.530029296875
2167.080078125 2089.860107421875 1999.1800537109375 2184.909912109375 2199.510009765625 2179.35009765625 2289.300048828125 2398.699951171875 2408.1298828125 2379.449951171875 2336.169921875 2243.93994140625 2165.070068359375 2163.47998046875 2066.320068359375 1997.5400390625 1913.25 1764.9200439453125 1699.3800048828125 1602.8699951171875 1561.8299560546875 1518.75 1473.0999755859375 1405.219970703125 1317.9300537109375 1239.52001953125 1180.56005859375 1062.43994140625 987.8699951171875 919.219970703125 858.03997802734375 794.030029296875 733.58001708984375 713.6300048828125 713.010009765625 712.260009765625 711.8800048828125 711.760009765625 712.66998291015625 713.03997802734375 713.41998291015625 713 712.59002685546875 713.16998291015625 713.16998291015625 713.260009765625
2267.22998046875 2218.43994140625 2122.419921875 2234.8701171875 2329.4599609375 2272.010009765625 2366.5400390625 2401.659912109375 2357.97998046875 2352.64990234375 2363.530029296875 2317.489990234375 2275.56005859375 2224.219970703125 2150.699951171875 2053.909912109375 1890.8800048828125 1757.3900146484375 1687.3599853515625 1594.530029296875 1501.5699462890625 1476.1800537109375 1422.52001953125 1365.1500244140625 1305.5799560546875 1199.050048828125 1104.780029296875 1033.22998046875 962.34002685546875 892.21002197265625 824.83001708984375 763.780029296875 718.469970703125 713.71002197265625 712.79998779296875 712.58001708984375 711.9000244140625 712.28997802734375 712.53997802734375 712.530029296875 712.469970703125 713.1500244140625 713.32000732421875 713.20001220703125 713.45001220703125 713.3900146484375
2392.409912109375 2320.02001953125 2218.3701171875 2282.070068359375 2430.050048828125 2407.330078125 2379.7099609375 2340.169921875 2300.5400390625 2275.239990234375 2291.02001953125 2226.43994140625 2190.4599609375 2156.739990234375 2089.5 2018.3900146484375 1810.43994140625 1751.239990234375 1661.9000244140625 1578.3800048828125 1507.3699951171875 1397.52001953125 1397.219970703125 1329.8800048828125 1251.469970703125 1188.8599853515625 1097.449951171875 1017.07000732421875 957.47998046875 885.82000732421875 813.280029296875 749.40997314453125 726.260009765625 716.9000244140625 713.46002197265625 713.0999755859375 712.34002685546875 712.94000244140625 713.1400146484375 712.1300048828125 712.96002197265625 712.83001708984375 713.1400146484375 713.33001708984375 714.1500244140625 713.46002197265625
2518.179931640625 2421.260009765625 2305.669921875 2344.360107421875 2459.909912109375 2450.2099609375 2339.3798828125 2278.669921875 2221.419921875 2193.949951171875 2211.81005859375 2145.280029296875 2088.840087890625 2067.2900390625 2020.97998046875 1968.31005859375 1761.93994140625 1696.9100341796875 1638.8699951171875 1542.6199951171875 1465.56005859375 1383.5799560546875 1323.31005859375 1289.3499755859375 1208.52001953125 1127.4100341796875 1061.0400390625 982.5 914.44000244140625 860.530029296875 780.71002197265625 752.469970703125 738.78997802734375 722.780029296875 713.90997314453125 712.6500244140625 712.72998046875 712.1300048828125 712.94000244140625 713.030029296875 712.52001953125 712.95001220703125 713.16998291015625 713.3499755859375 713.530029296875 713.8499755859375
2509.93994140625 2456.0400390625 2414.7099609375 2423.3798828125 2469.469970703125 2450.340087890625 2382.1298828125 2256.780029296875 2206.840087890625 2170.010009765625 2140.1298828125 2095.320068359375 2046 1965.9599609375 1919.0400390625 1909.9599609375 1715.9100341796875 1659.7099609375 1564.739990234375 1498.75 1435.1500244140625 1360.1099853515625 1266.22998046875 1210.550048828125 1157.1800537109375 1087.77001953125 1026.18994140625 969.1099853515625 891.28997802734375 823.739990234375 790.57000732421875 767.66998291015625 746.27001953125 727.07000732421875 715.719970703125 712.96002197265625 712.1500244140625 712.79998779296875 712.96002197265625 712.78997802734375 712.780029296875 712.90997314453125 713.5 713.219970703125 713.469970703125 713.6500244140625
2486.9599609375 2469.320068359375 2445.860107421875 2422.969970703125 2402.06005859375 2412.550048828125 2381.320068359375 2296.989990234375 2230.219970703125 2191.679931640625 2170.9599609375 2088.64990234375 2046.9300537109375 2018.47998046875 1836.5400390625 1780.489990234375 1654.2900390625 1631.0699462890625 1523.27001953125 1473.3199462890625 1399.0799560546875 1312.5999755859375 1244.6600341796875 1189.0400390625 1124.989990234375 1057.4100341796875 1005.09002685546875 939.3499755859375 872.65997314453125 835.29998779296875 834.70001220703125 762.78997802734375 740.1500244140625 725.21002197265625 714.71002197265625 712.8800048828125 713.28997802734375 713.09002685546875 712.53997802734375 712.4000244140625 712.59002685546875 713.280029296875 712.79998779296875 713.25 713.5 713.59002685546875
2467.679931640625 2444.199951171875 2409.77001953125 2369.919921875 2332.3798828125 2310.409912109375 2306.9599609375 2309.64990234375 2250.5400390625 2189.52001953125 2160.68994140625 2085.0400390625 2025.43994140625 1954.5999755859375 1842.3299560546875 1679.3299560546875 1574.8699951171875 1534.9000244140625 1517.31005859375 1396.9300537109375 1341.260009765625 1270.3399658203125 1219.219970703125 1150.5999755859375 1097.1700439453125 1039.239990234375 986.21002197265625 915.3900146484375 886.6199951171875 923.65997314453125 867.83001708984375 777.719970703125 730.40997314453125 717.72998046875 713.21002197265625 712.96002197265625 713.5 713.1099853515625 713.16998291015625 712.72998046875 712.71002197265625 712.72998046875 712.90997314453125 713.33001708984375 713.34002685546875 713.65997314453125
