SaReine/includes/Alpes50.asc
ncols        447
nrows        526
xllcorner    932775.000000000000
yllcorner    6439250.000000000000
cellsize     50.000000000000
NODATA_value  -99999
[rows 60 to 79 of 526, columns 360 to 404 of 447]
2222.39990234375 2199 2180.5 2163.800048828125 2151.60009765625 2138.10009765625 2125.699951171875 2114.699951171875 2104.199951171875 2093 2077.89990234375 2064.60009765625 2054.60009765625 2040.0999755859375 2031.5999755859375 2026 2010.199951171875 1987.300048828125 1956.9000244140625 1933.300048828125 1909.8299560546875 1884.4599609375 1835.0699462890625 1805.3299560546875 1787.030029296875 1765.47998046875 1777.6700439453125 1787.489990234375 1794.5 1807.719970703125 1826.8499755859375 1844.7099609375 1799.75 1779.6500244140625 1755.72998046875 1730.050048828125 1739.9100341796875 1729.68994140625 1706.780029296875 1694.530029296875 1686.469970703125 1674.97998046875 1664.8399658203125 1654.800048828125 1641.989990234375
2210.10009765625 2186.199951171875 2173.10009765625 2161.5 2150.39990234375 2138.800048828125 2125 2108.699951171875 2093.800048828125 2080.199951171875 2072.5 2066.199951171875 2051.5 2039 2036.5 2033 2010.0999755859375 1988.800048828125 1955.199951171875 1927.2900390625 1901.510009765625 1871.6300048828125 1832.8599853515625 1809.77001953125 1789.219970703125 1793.5899658203125 1800.97998046875 1810.43994140625 1823.3900146484375 1839.77001953125 1864.8399658203125 1848.719970703125 1810.510009765625 1787.280029296875 1759.8199462890625 1761.530029296875 1752.9000244140625 1733.0699462890625 1714.22998046875 1701.6099853515625 1691.56005859375 1681.9100341796875 1667.3499755859375 1652.1800537109375 1639.5799560546875
2200 2188.39990234375 2174.89990234375 2160.300048828125 2145.39990234375 2129.5 2115 2100.5 2085.300048828125 2074.39990234375 2067.300048828125 2066.800048828125 2052.10009765625 2046.699951171875 2046.0999755859375 2031.800048828125 2010.4000244140625 1986 1952.5 1922.300048828125 1904.010009765625 1864.6600341796875 1838.31005859375 1820.699951171875 1800.760009765625 1814.0699462890625 1822.68994140625 1832.1099853515625 1849.4200439453125 1883.530029296875 1899.8699951171875 1852.9300537109375 1820.5999755859375 1793.760009765625 1779.1500244140625 1779 1758.06005859375 1739.97998046875 1726.030029296875 1710.9200439453125 1700.260009765625 1685.760009765625 1667.47998046875 1650.739990234375 1638.1300048828125
2198.89990234375 2185.300048828125 2174.300048828125 2148 2127.699951171875 2116.5 2102.39990234375 2095.300048828125 2083.89990234375 2075 2063.699951171875 2059.39990234375 2055 2055.39990234375 2052.39990234375 2034.9000244140625 2014.300048828125 1977.800048828125 1947.4000244140625 1917.02001953125 1896.6400146484375 1856.199951171875 1837.530029296875 1811.3699951171875 1822.81005859375 1833.199951171875 1847.1700439453125 1863.1500244140625 1893.1099853515625 1922.3599853515625 1907.31005859375 1863.0799560546875 1831.6199951171875 1802.0400390625 1822.5699462890625 1799.1400146484375 1775.97998046875 1755.6700439453125 1738.77001953125 1726.050048828125 1712.1600341796875 1692.81005859375 1669.8399658203125 1652.449951171875 1638.949951171875
2194.5 2176 2157.300048828125 2140.199951171875 2116.199951171875 2105.300048828125 2101.39990234375 2098.300048828125 2085.199951171875 2067.5 2061.89990234375 2061.5 2066.10009765625 2076.300048828125 2049.39990234375 2038 2009 1977.199951171875 1940.5 1916.9000244140625 1884.6700439453125 1851.4100341796875 1827.18994140625 1840.1500244140625 1848.800048828125 1864.969970703125 1886.780029296875 1906.56005859375 1944.3299560546875 1959.77001953125 1910.4599609375 1870.27001953125 1839.3199462890625 1826.8399658203125 1833.1500244140625 1822.780029296875 1798.5 1770.3599853515625 1746.260009765625 1734.5999755859375 1717.0999755859375 1692.81005859375 1672.780029296875 1656.0400390625 1643.3900146484375
2198.699951171875 2177 2151.199951171875 2133.60009765625 2108.89990234375 2106.300048828125 2105.699951171875 2104.10009765625 2096.39990234375 2067.5 2065.89990234375 2068.699951171875 2083.199951171875 2065.699951171875 2050.10009765625 2028.800048828125 2001.300048828125 1968.9000244140625 1935.4000244140625 1915.8199462890625 1871.8299560546875 1849.0699462890625 1852.93994140625 1863.9100341796875 1875.469970703125 1896.3599853515625 1927.3900146484375 1961.530029296875 1982.8800048828125 1940.8399658203125 1908.5899658203125 1880.9599609375 1855.18994140625 1855.050048828125 1848.3299560546875 1833.68994140625 1813.4100341796875 1786.1500244140625 1760.9599609375 1739.0999755859375 1723.010009765625 1696.6400146484375 1675.1099853515625 1657.9599609375 1648.93994140625
2175.300048828125 2151.5 2130.10009765625 2121.5 2117.10009765625 2113.199951171875 2111.89990234375 2108.5 2094.699951171875 2070.39990234375 2069.800048828125 2074 2086.300048828125 2062.800048828125 2041.5 2019 1987.9000244140625 1966 1932.6500244140625 1895.31005859375 1874.699951171875 1861.1700439453125 1878.3599853515625 1885.0999755859375 1905.489990234375 1937.969970703125 1970.8599853515625 2000.4100341796875 1971.5999755859375 1941.8299560546875 1916.0999755859375 1897.9200439453125 1890.72998046875 1869.7099609375 1853.75 1836.219970703125 1826.9200439453125 1800.4200439453125 1772.1400146484375 1744.5899658203125 1726.719970703125 1707.6700439453125 1680.4100341796875 1665.6800537109375 1654.530029296875
2161.39990234375 2143.699951171875 2133.800048828125 2131.39990234375 2123.10009765625 2119.39990234375 2112.199951171875 2102.800048828125 2090.199951171875 2072.89990234375 2071.699951171875 2076.800048828125 2074.800048828125 2057.39990234375 2035.0999755859375 2004.300048828125 1981.699951171875 1961.5 1936.2900390625 1901.1800537109375 1871.050048828125 1884.06005859375 1906.1700439453125 1916.699951171875 1951.31005859375 1990.6400146484375 2016.5999755859375 1994.699951171875 1974.5 1950.56005859375 1924.800048828125 1924.1500244140625 1900.4300537109375 1879.1300048828125 1855.030029296875 1841.81005859375 1832.8499755859375 1809.1700439453125 1780.0699462890625 1749.489990234375 1730.56005859375 1708.97998046875 1691.75 1670.0699462890625 1655.7099609375
2170.5 2152.89990234375 2144.699951171875 2139.300048828125 2130.699951171875 2122.800048828125 2111.199951171875 2093.300048828125 2082.699951171875 2074.60009765625 2075.800048828125 2077 2073.89990234375 2052.89990234375 2024.300048828125 2007.5 1979.800048828125 1954.1600341796875 1930.97998046875 1897.47998046875 1898.81005859375 1917.760009765625 1944.8599853515625 1958.81005859375 1975.8800048828125 2032 2021 2006.4000244140625 1988.800048828125 1966.0999755859375 1950 1924.3599853515625 1901.5999755859375 1878.4300537109375 1854.0799560546875 1844.9100341796875 1829.0699462890625 1811.4599609375 1796.2900390625 1773.7099609375 1755.3499755859375 1726.7900390625 1713.6600341796875 1689.9200439453125 1670.1099853515625
2178.10009765625 2164.699951171875 2157 2147 2141.60009765625 2133.800048828125 2119 2090.60009765625 2082.199951171875 2083.300048828125 2084.699951171875 2085 2070.39990234375 2047.199951171875 2029.4000244140625 2005.9000244140625 1978.550048828125 1950.43994140625 1926.72998046875 1915.8599853515625 1931.9300537109375 1960.0999755859375 1990.5 2013 2018.4000244140625 2045.9000244140625 2035.4000244140625 2026.5 2000.5 1978.199951171875 1964.5999755859375 1932.469970703125 1907.3299560546875 1886.75 1868.5899658203125 1856.030029296875 1854.1700439453125 1834.969970703125 1820.489990234375 1799.8199462890625 1771.52001953125 1765.1800537109375 1739.1099853515625 1710.5899658203125 1689.6800537109375
2188.10009765625 2175.199951171875 2164.60009765625 2160.5 2154.300048828125 2145.800048828125 2133.300048828125 2102.39990234375 2092.199951171875 2095.5 2094.5 2088.10009765625 2074.699951171875 2046.5 2027 1999.4000244140625 1967.4300537109375 1950.6800537109375 1925.9599609375 1945.9100341796875 1973.5 2004.199951171875 2035.199951171875 2060.60009765625 2068.699951171875 2061.800048828125 2045.699951171875 2032.699951171875 2005.4000244140625 2003 1978.4000244140625 1950.199951171875 1925.4100341796875 1908.9200439453125 1891.5899658203125 1876.1700439453125 1874.93994140625 1855.3399658203125 1836.699951171875 1816.3399658203125 1792.969970703125 1778.6700439453125 1755.300048828125 1741.9599609375 1720.2099609375
2197.39990234375 2178.10009765625 2172.199951171875 2169 2164.39990234375 2160.5 2150.10009765625 2114.800048828125 2110.199951171875 2103.89990234375 2097.39990234375 2089.199951171875 2078.300048828125 2041.699951171875 2015.199951171875 1990.8399658203125 1963.3199462890625 1946.1500244140625 1958.3199462890625 1994.9000244140625 2024.699951171875 2056.699951171875 2079.60009765625 2093.300048828125 2091.300048828125 2074.699951171875 2056.5 2033.4000244140625 2029.5 2008 1984.4000244140625 1957.699951171875 1934.0799560546875 1913.2900390625 1895.010009765625 1890.02001953125 1876.4599609375 1862.1400146484375 1850.22998046875 1831.8399658203125 1812.8800048828125 1792.469970703125 1776.52001953125 1754.1199951171875 1742.4200439453125
2201.39990234375 2184.199951171875 2175.300048828125 2179.60009765625 2178.39990234375 2172.10009765625 2162.39990234375 2131.89990234375 2121.60009765625 2112.60009765625 2106.199951171875 2086.89990234375 2065.199951171875 2037.5 2006.0999755859375 1982.1600341796875 1967 1973.9000244140625 2002.4000244140625 2038.199951171875 2082.89990234375 2104.10009765625 2119.800048828125 2107.699951171875 2099.199951171875 2086.199951171875 2063.10009765625 2047.699951171875 2030 2008.9000244140625 1987.5999755859375 1960.4000244140625 1938 1917.9599609375 1900.3499755859375 1895.8399658203125 1882.02001953125 1876 1857.8800048828125 1839.6700439453125 1822.68994140625 1801.9599609375 1780.3699951171875 1763.1400146484375 1750.9100341796875
2207.699951171875 2190.5 2180.60009765625 2190.60009765625 2192.199951171875 2177.89990234375 2173 2147.5 2140.699951171875 2124.10009765625 2109.199951171875 2083.10009765625 2057.5 2036.300048828125 2002.5 1988.68994140625 1996.199951171875 2009.300048828125 2036.199951171875 2065.199951171875 2123 2138.39990234375 2127.60009765625 2128.60009765625 2111 2092.60009765625 2075.199951171875 2052.800048828125 2033.4000244140625 2012.0999755859375 1988.699951171875 1964.199951171875 1942.5999755859375 1921.1700439453125 1909.4000244140625 1909.449951171875 1897.22998046875 1878.75 1860.97998046875 1841.949951171875 1822.3199462890625 1804.1600341796875 1784.030029296875 1773.3599853515625 1756.6800537109375
2205.300048828125 2187.60009765625 2191.800048828125 2202.800048828125 2201.10009765625 2193.5 2177.699951171875 2145 2149.89990234375 2124.10009765625 2112.199951171875 2077.10009765625 2049 2029.0999755859375 2000.9000244140625 2006.300048828125 2024.5999755859375 2051.199951171875 2077.800048828125 2109.5 2144.699951171875 2161.199951171875 2137.60009765625 2131.89990234375 2112.39990234375 2099.699951171875 2078.89990234375 2050.89990234375 2032.699951171875 2009.0999755859375 1985.5 1966.9000244140625 1945.800048828125 1931.5999755859375 1920.800048828125 1918.06005859375 1901.1800537109375 1881.68994140625 1861.1300048828125 1843.18994140625 1824.27001953125 1800.5699462890625 1786.4000244140625 1769.4000244140625 1751.93994140625
2209.39990234375 2195.800048828125 2197.60009765625 2209.5 2204.5 2190 2170.10009765625 2148.89990234375 2152.5 2125.60009765625 2103.5 2075.199951171875 2046.300048828125 2011.199951171875 2003.5 2022.300048828125 2048.300048828125 2069.39990234375 2101.300048828125 2132.60009765625 2164.39990234375 2161.89990234375 2143.800048828125 2129.39990234375 2110.10009765625 2098.199951171875 2078 2054.39990234375 2030.0999755859375 2007.4000244140625 1986.199951171875 1966.699951171875 1949.5999755859375 1929.300048828125 1926.5 1917.550048828125 1905.3499755859375 1884.1600341796875 1862.260009765625 1843.0400390625 1821.77001953125 1799.8800048828125 1778.9200439453125 1766.5 1757.719970703125
2211.10009765625 2204.60009765625 2205.89990234375 2223.89990234375 2213.199951171875 2187.800048828125 2154.60009765625 2150 2142.10009765625 2113.60009765625 2097.300048828125 2057.800048828125 2034.800048828125 2012.0999755859375 2016.5999755859375 2036.9000244140625 2055.89990234375 2076.39990234375 2113.10009765625 2150.300048828125 2177.60009765625 2165.5 2145.199951171875 2119.89990234375 2104.89990234375 2091.199951171875 2067.89990234375 2046.4000244140625 2020.199951171875 1999.699951171875 1980.9000244140625 1973.199951171875 1954 1926.4000244140625 1914.949951171875 1911.510009765625 1898.22998046875 1881.489990234375 1861.3800048828125 1845.7900390625 1825.0799560546875 1807.18994140625 1793.4000244140625 1776.6300048828125 1754.050048828125
2215.699951171875 2210 2216.5 2223.699951171875 2209.199951171875 2174.199951171875 2154.39990234375 2140.89990234375 2127.39990234375 2101.800048828125 2071.199951171875 2048.10009765625 2029.9000244140625 2014.4000244140625 2022.800048828125 2040.800048828125 2062.39990234375 2088.199951171875 2128 2161.300048828125 2179.5 2157.800048828125 2138.300048828125 2122.699951171875 2104.5 2085.199951171875 2061 2049.199951171875 2023.4000244140625 2004.5 1991.800048828125 1972.4000244140625 1959.0999755859375 1934.300048828125 1916.1600341796875 1906.0699462890625 1896.5899658203125 1883.72998046875 1871.6800537109375 1852.5799560546875 1828.1500244140625 1810.6800537109375 1792.2900390625 1778.780029296875 1759.3599853515625
2216.300048828125 2212.5 2223 2225.699951171875 2198.300048828125 2169 2156.39990234375 2133 2113.89990234375 2079.39990234375 2057.5 2039.5 2028.5999755859375 2018.5999755859375 2029 2049.89990234375 2071.89990234375 2101.800048828125 2147.199951171875 2172.39990234375 2178.60009765625 2150.39990234375 2130.10009765625 2120.800048828125 2102.300048828125 2080.300048828125 2056.699951171875 2043.5 2029.5999755859375 2012.0999755859375 1994.5999755859375 1980.300048828125 1961.0999755859375 1942.4000244140625 1925.0899658203125 1908.260009765625 1899.9300537109375 1880.3900146484375 1868.6800537109375 1846.719970703125 1814.02001953125 1794.239990234375 1791.6800537109375 1783.0799560546875 1755.22998046875
2219.89990234375 2216.300048828125 2225.699951171875 2224.199951171875 2200.39990234375 2162.10009765625 2153.89990234375 2128 2121.60009765625 2076.699951171875 2053.300048828125 2035.5 2026 2024.5 2039 2058.39990234375 2083.39990234375 2121.60009765625 2160.300048828125 2184.300048828125 2175.199951171875 2142.800048828125 2127.199951171875 2117.89990234375 2096.5 2076.39990234375 2058.10009765625 2044.4000244140625 2026 2009.5999755859375 1991.699951171875 1979.9000244140625 1962.9000244140625 1945.5 1928.9000244140625 1908.1199951171875 1895.1500244140625 1884.5999755859375 1869.8499755859375 1851.2099609375 1827.2099609375 1801.7900390625 1790.0400390625 1780.3299560546875 1770.510009765625
