SaReine/includes/Alpes50.asc
ncols        447
nrows        526
xllcorner    932775.000000000000
yllcorner    6439250.000000000000
cellsize     50.000000000000
NODATA_value  -99999
[rows 500 to 519 of 526, columns 45 to 89 of 447]
1749.6700439453125 1731.469970703125 1713.780029296875 1693.6700439453125 1693.3299560546875 1697.800048828125 1686.199951171875 1677.22998046875 1691.969970703125 1688.06005859375 1705.6600341796875 1743.280029296875 1779.800048828125 1810.699951171875 1841.1800537109375 1862.4100341796875 1895.72998046875 1929.5999755859375 1963.0999755859375 1995.3199462890625 2025.969970703125 2043.3399658203125 2037.3299560546875 2020.699951171875 1974.030029296875 1929.1400146484375 1900.06005859375 1867.02001953125 1842.02001953125 1814.75 1770.489990234375 1739.699951171875 1708.260009765625 1674.6099853515625 1642.6600341796875 1601.2099609375 1583.1300048828125 1628.6700439453125 1617.25 1584.3900146484375 1561.300048828125 1558.300048828125 1558.27001953125 1588.06005859375 1613.3199462890625
1768.97998046875 1749.5400390625 1739.22998046875 1727.0699462890625 1734.300048828125 1742.75 1711.3699951171875 1705.93994140625 1718.81005859375 1726.449951171875 1738.3199462890625 1749.6600341796875 1778.72998046875 1822.1800537109375 1853.43994140625 1880.8199462890625 1912.81005859375 1945.6500244140625 1984.4100341796875 2017.949951171875 2054.68994140625 2079.280029296875 2073.06005859375 2032.010009765625 1995.2099609375 1961.469970703125 1924.1600341796875 1889.050048828125 1854.02001953125 1823.010009765625 1790.7900390625 1750.8199462890625 1715.449951171875 1685.1700439453125 1650.949951171875 1607.3199462890625 1595.510009765625 1645.510009765625 1633.739990234375 1596.280029296875 1574.6099853515625 1580.9000244140625 1569.5999755859375 1594.449951171875 1622.4300537109375
1786.8499755859375 1772.06005859375 1765.5899658203125 1766.6099853515625 1769.6099853515625 1774.800048828125 1737.77001953125 1735.280029296875 1748.6300048828125 1761.8699951171875 1766.239990234375 1784.1199951171875 1792.489990234375 1820.0999755859375 1863.0699462890625 1895.219970703125 1927.3299560546875 1975.510009765625 2015.1300048828125 2047.6500244140625 2081.3798828125 2110.68994140625 2091.31005859375 2058.9599609375 2024.8299560546875 1996.25 1952.6300048828125 1915.6500244140625 1878.5899658203125 1834.6300048828125 1793.18994140625 1756.3699951171875 1734.68994140625 1701.239990234375 1661.06005859375 1616.3499755859375 1613.3800048828125 1658.239990234375 1645.239990234375 1607.6800537109375 1592.3399658203125 1589.4100341796875 1590.1199951171875 1610.5799560546875 1631.4200439453125
1805.6099853515625 1799.4000244140625 1801.0699462890625 1804.8299560546875 1804.6500244140625 1790.2099609375 1764.9599609375 1769.3499755859375 1778 1795.3299560546875 1804.8900146484375 1812.719970703125 1827.239990234375 1839.1500244140625 1860.550048828125 1900.1300048828125 1944.93994140625 1993.06005859375 2040.22998046875 2078.35009765625 2111.330078125 2144.6201171875 2126.179931640625 2096.64990234375 2058.820068359375 2026.050048828125 1986.199951171875 1939.4200439453125 1904.0400390625 1863.0899658203125 1811.4599609375 1786.31005859375 1746.1400146484375 1710.02001953125 1670.8800048828125 1625.1500244140625 1633.8800048828125 1669.219970703125 1655.0799560546875 1621.6600341796875 1608.1300048828125 1603.6400146484375 1617.199951171875 1627.0400390625 1643.4000244140625
1827.1800537109375 1834.3299560546875 1834.6600341796875 1831.27001953125 1823.030029296875 1806.280029296875 1795.969970703125 1801.3299560546875 1813.699951171875 1831.449951171875 1848.949951171875 1852.81005859375 1856.1099853515625 1858.1500244140625 1893.9300537109375 1920.449951171875 1962.6199951171875 2010 2053.39990234375 2095.2900390625 2137.89990234375 2172.469970703125 2158.929931640625 2122.31005859375 2083.2900390625 2051.64990234375 2009.3900146484375 1965.1400146484375 1927.2099609375 1882.31005859375 1835.77001953125 1791.6099853515625 1754.1700439453125 1724.8399658203125 1684.56005859375 1638.3399658203125 1649.52001953125 1682.47998046875 1667.9300537109375 1643.3800048828125 1618.47998046875 1624.3599853515625 1637.5699462890625 1646.93994140625 1659.8199462890625
1851.239990234375 1856.780029296875 1855.43994140625 1850.1099853515625 1840.5 1832.469970703125 1828.6700439453125 1836.550048828125 1855.449951171875 1869.7900390625 1889.5899658203125 1898.6800537109375 1884.3900146484375 1909.22998046875 1925.8299560546875 1954.9300537109375 1991.3299560546875 2029.72998046875 2076.489990234375 2112.510009765625 2152.530029296875 2191.340087890625 2173.0400390625 2139.6201171875 2104.570068359375 2069.989990234375 2029.1099853515625 1982.6800537109375 1937.6400146484375 1887.5699462890625 1849.719970703125 1807.489990234375 1771.02001953125 1735.02001953125 1702.0999755859375 1658.81005859375 1657.739990234375 1692.300048828125 1677.0899658203125 1651.27001953125 1628.06005859375 1634.5 1655.8599853515625 1667.280029296875 1681.3199462890625
1873.52001953125 1870.9100341796875 1867.8299560546875 1867.3900146484375 1864.489990234375 1861.3599853515625 1862.699951171875 1871.1800537109375 1892.0899658203125 1911.1199951171875 1928.1500244140625 1933.52001953125 1920.97998046875 1946.2099609375 1970.8699951171875 1996.1400146484375 2024.5400390625 2057.780029296875 2091.93994140625 2129.419921875 2176.239990234375 2210.43994140625 2187.6298828125 2150.6201171875 2117.449951171875 2082.64990234375 2044.050048828125 1989.31005859375 1951.68994140625 1923.6600341796875 1874.280029296875 1828.969970703125 1790.8299560546875 1756.530029296875 1723.3800048828125 1684.0899658203125 1665.47998046875 1693.8499755859375 1673.1500244140625 1653.239990234375 1638.989990234375 1659.3499755859375 1664.5999755859375 1684.4300537109375 1701.8900146484375
1886.4100341796875 1882.949951171875 1881 1885.6400146484375 1888.3699951171875 1893.6700439453125 1908.6800537109375 1909.280029296875 1920.8499755859375 1945.9599609375 1963.1099853515625 1960.06005859375 1971.6300048828125 1993.050048828125 2017.25 2038.3499755859375 2059.820068359375 2088.159912109375 2117.18994140625 2154.39990234375 2206.360107421875 2216.669921875 2181.909912109375 2141.47998046875 2107.409912109375 2077.610107421875 2050.260009765625 2015.239990234375 1968.6400146484375 1924.02001953125 1883.97998046875 1847.9000244140625 1810.739990234375 1776.449951171875 1745.25 1707.550048828125 1683.9300537109375 1704.3900146484375 1683.9200439453125 1682.530029296875 1655.4100341796875 1678.449951171875 1676.5 1694.300048828125 1719.0899658203125
1901.1500244140625 1895.5899658203125 1897.3399658203125 1903.9200439453125 1912.2099609375 1928.0400390625 1950.6700439453125 1946.5400390625 1952.8399658203125 1972.969970703125 1994.4000244140625 2003.97998046875 2017.1099853515625 2039.4000244140625 2067.080078125 2077.68994140625 2103.530029296875 2123.949951171875 2149.199951171875 2184.830078125 2224.929931640625 2195.080078125 2161.35009765625 2129.39990234375 2099.030029296875 2062.580078125 2036.1099853515625 2004.9599609375 1965.5899658203125 1923.739990234375 1884.510009765625 1847.8900146484375 1813.8699951171875 1782.300048828125 1750.780029296875 1719.18994140625 1693.6300048828125 1713.239990234375 1698.9300537109375 1678.010009765625 1686.7900390625 1701.3800048828125 1706.56005859375 1704.72998046875 1733.4100341796875
1917.1700439453125 1910.27001953125 1915.8199462890625 1927.3299560546875 1937.199951171875 1958.1099853515625 1974.5899658203125 1981.97998046875 1988.9300537109375 2007.4200439453125 2027.510009765625 2041.1099853515625 2057.050048828125 2077.1298828125 2114.969970703125 2121.550048828125 2143.860107421875 2161.330078125 2182.639892578125 2219.429931640625 2237.090087890625 2200.0400390625 2156.7900390625 2122.6201171875 2080.1201171875 2041.5400390625 2015.1300048828125 1985.27001953125 1952.1400146484375 1920.8800048828125 1886.739990234375 1853.97998046875 1809.260009765625 1778.010009765625 1752.93994140625 1718.3599853515625 1703.6400146484375 1724.8299560546875 1706.699951171875 1699.5899658203125 1715.510009765625 1719.469970703125 1723.5799560546875 1731.8699951171875 1752.1199951171875
1934.6800537109375 1927.4599609375 1933.9200439453125 1954.800048828125 1960.300048828125 1981.3900146484375 2002.1199951171875 2012.5699462890625 2019.68994140625 2040.0699462890625 2058.6298828125 2077.2900390625 2095.070068359375 2106.330078125 2144 2161.409912109375 2187.590087890625 2195.18994140625 2218.35009765625 2258.64990234375 2236.860107421875 2190.8798828125 2148.300048828125 2108.659912109375 2078.2099609375 2038.5699462890625 2004.800048828125 1973.77001953125 1934.9599609375 1888.6700439453125 1857.4300537109375 1837.81005859375 1791.3699951171875 1759.199951171875 1741.010009765625 1717.81005859375 1741.1099853515625 1731.0799560546875 1706.5 1730.22998046875 1737.4000244140625 1744.0899658203125 1748.81005859375 1767.1700439453125 1776.8900146484375
1947.27001953125 1942.4000244140625 1954.449951171875 1973.3599853515625 1977.7900390625 2001.5400390625 2027.81005859375 2038.5 2050.5 2070.320068359375 2090.3798828125 2113.199951171875 2133.5 2145.3798828125 2169.610107421875 2201.659912109375 2228.429931640625 2229.260009765625 2250.159912109375 2270.510009765625 2228.10009765625 2182.449951171875 2147.8798828125 2102.110107421875 2067.02001953125 2033.75 1998.8399658203125 1964.25 1928.43994140625 1879.6600341796875 1837.6500244140625 1814.0400390625 1806.1199951171875 1783.06005859375 1743.530029296875 1739.6700439453125 1765.3599853515625 1741.5400390625 1725.5899658203125 1745.1300048828125 1762.27001953125 1777.8599853515625 1787.1600341796875 1796.4599609375 1811.47998046875
1953.1500244140625 1954.6500244140625 1970.199951171875 1989.3299560546875 1991.1400146484375 2009.510009765625 2037.030029296875 2059.72998046875 2085.10009765625 2103.25 2122.070068359375 2144.6201171875 2170.6298828125 2185.550048828125 2204.659912109375 2243.889892578125 2261.909912109375 2265.64990234375 2280.030029296875 2272.239990234375 2230.35009765625 2191.9599609375 2164.919921875 2127.550048828125 2085.169921875 2043.050048828125 2007.4000244140625 1973.699951171875 1937.0699462890625 1911.1700439453125 1874.6300048828125 1849.6800537109375 1815.699951171875 1786.0899658203125 1751.8800048828125 1774.75 1777.56005859375 1755.780029296875 1739.3800048828125 1761.06005859375 1782.800048828125 1809.260009765625 1823.280029296875 1831.3599853515625 1846.989990234375
1933.760009765625 1964.800048828125 1979.18994140625 1999.22998046875 2010.969970703125 2027.0899658203125 2045.969970703125 2074.35009765625 2105.530029296875 2127.9599609375 2148.300048828125 2171.39990234375 2197.18994140625 2221.39990234375 2238.77001953125 2275.409912109375 2302.530029296875 2302.85009765625 2318.97998046875 2295.64990234375 2251.39990234375 2213.330078125 2183.909912109375 2157.489990234375 2110.919921875 2064.530029296875 2017.760009765625 1994.6199951171875 1963.949951171875 1935.47998046875 1896.0699462890625 1863.3800048828125 1836.6700439453125 1813.699951171875 1785.510009765625 1807.7099609375 1794.1400146484375 1776.1800537109375 1763.0400390625 1771.0400390625 1802.9599609375 1828.0699462890625 1860.760009765625 1868.5699462890625 1890.969970703125
1930.219970703125 1974.6099853515625 1995.43994140625 2006.199951171875 2021.239990234375 2037.510009765625 2055.47998046875 2083.659912109375 2117.659912109375 2152.31005859375 2175.27001953125 2194.9599609375 2217.580078125 2246.52001953125 2275.56005859375 2310.7900390625 2342.360107421875 2342.830078125 2338.85009765625 2311.39990234375 2276.56005859375 2232.31005859375 2200.030029296875 2175.820068359375 2127.840087890625 2079.6201171875 2044.31005859375 2014.3599853515625 1994.739990234375 1964.1500244140625 1912.1500244140625 1897.449951171875 1863 1814.1700439453125 1808.8499755859375 1824.93994140625 1817.8599853515625 1797.5899658203125 1787.77001953125 1797.75 1817.1600341796875 1850.800048828125 1881.5999755859375 1915.18994140625 1921.0699462890625
1930.510009765625 1971.9300537109375 2007.9200439453125 2018.47998046875 2026.969970703125 2043.02001953125 2060.6298828125 2091.10009765625 2123.8701171875 2160.56005859375 2198.510009765625 2216.489990234375 2238.3701171875 2263.5400390625 2292.3701171875 2330.8701171875 2370.550048828125 2363.610107421875 2348.39990234375 2320.610107421875 2298.3798828125 2253.929931640625 2219.9599609375 2175.260009765625 2135.030029296875 2100.85009765625 2070.27001953125 2052.3701171875 2028.27001953125 1995.06005859375 1967.010009765625 1927.8699951171875 1895.68994140625 1867.010009765625 1824.56005859375 1836.8599853515625 1843.97998046875 1811.68994140625 1806.77001953125 1826.3699951171875 1839.31005859375 1862.6099853515625 1907.3900146484375 1942.5999755859375 1955.8699951171875
1917.9100341796875 1956.3499755859375 2012.4000244140625 2028.2900390625 2033.9599609375 2045.52001953125 2064.739990234375 2093.949951171875 2125.889892578125 2161.14990234375 2200.719970703125 2227.699951171875 2253.780029296875 2281.389892578125 2311.919921875 2344.85009765625 2387.320068359375 2377.389892578125 2360.02001953125 2332.64990234375 2314.18994140625 2269.090087890625 2232.699951171875 2194.1201171875 2158.139892578125 2124.43994140625 2098.860107421875 2080.43994140625 2054.77001953125 2018.6400146484375 1978.8199462890625 1940.27001953125 1909.719970703125 1872.9599609375 1834.949951171875 1856.6300048828125 1855.1300048828125 1834.3800048828125 1827.9599609375 1845.8499755859375 1870.4000244140625 1893.0999755859375 1918.760009765625 1955.489990234375 1985.1800537109375
1913.6500244140625 1959.06005859375 2004.4000244140625 2037.1500244140625 2041.719970703125 2047.97998046875 2066.830078125 2093.110107421875 2123.419921875 2157.929931640625 2190.2900390625 2224.5400390625 2258.110107421875 2284.139892578125 2305.56005859375 2347.760009765625 2386.27001953125 2388.800048828125 2373.35009765625 2351.699951171875 2331.669921875 2289.929931640625 2258.139892578125 2224.81005859375 2183.699951171875 2151.550048828125 2132.39990234375 2110.239990234375 2079.39990234375 2035.31005859375 1987.06005859375 1950.0799560546875 1919.1400146484375 1885.77001953125 1852.8199462890625 1870.5899658203125 1871.31005859375 1862.260009765625 1862.4200439453125 1872.949951171875 1891.280029296875 1919.050048828125 1946.4000244140625 1978.010009765625 2011.8399658203125
1909.25 1950.06005859375 1995.780029296875 2044.5899658203125 2050.449951171875 2054.530029296875 2071.64990234375 2093.969970703125 2119.10009765625 2152.56005859375 2186.2099609375 2216.929931640625 2235.719970703125 2240.169921875 2275.43994140625 2323.2099609375 2362.72998046875 2395.64990234375 2386.179931640625 2371.35009765625 2356.31005859375 2325.360107421875 2289.919921875 2246.31005859375 2208.469970703125 2181.080078125 2146.52001953125 2111.080078125 2075.219970703125 2032.280029296875 1992.8399658203125 1953.6500244140625 1928.510009765625 1905.8699951171875 1866.949951171875 1882.260009765625 1887.489990234375 1897.6500244140625 1896.3800048828125 1908.6400146484375 1922.1600341796875 1942.52001953125 1974.6300048828125 2005.0699462890625 2034.3199462890625
1905.9200439453125 1946.47998046875 1986.510009765625 2025.52001953125 2056.030029296875 2064.3798828125 2079.7900390625 2098.199951171875 2118.3798828125 2152.419921875 2176.550048828125 2177.860107421875 2186.1201171875 2206.780029296875 2243.06005859375 2285.10009765625 2320.659912109375 2367.7099609375 2396.909912109375 2389.010009765625 2373.780029296875 2339.320068359375 2299.080078125 2254.199951171875 2213.2900390625 2175.7900390625 2142.360107421875 2105.8701171875 2067.860107421875 2031.760009765625 1996.52001953125 1967.760009765625 1944.1800537109375 1917.6099853515625 1875.9000244140625 1893.6500244140625 1904.9300537109375 1926.4300537109375 1927.56005859375 1936.3199462890625 1949.6199951171875 1980.2099609375 2003.5899658203125 2047.780029296875 2079.659912109375
