SaReine/includes/Alpes250.asc
ncols        89
nrows        105
xllcorner    932775.000000000000
yllcorner    6439250.000000000000
cellsize     250.000000000000
NODATA_value  -99999
[rows 40 to 59 of 105, columns 0 to 44 of 89]
2652.6298828125 2474.610107421875 2500.419921875 2516.169921875 2511.909912109375 2644.199951171875 2554.070068359375 2474.6298828125 2591.75 2588.840087890625 2527.330078125 2384.72998046875 2253.510009765625 2132.4599609375 2185.72998046875 2175.659912109375 1967.030029296875 1868.43994140625 1792.3599853515625 1721.3299560546875 1628.3299560546875 1497.6400146484375 1323.280029296875 1146.4100341796875 955.16998291015625 836.8499755859375 973.94000244140625 1166.300048828125 1420.489990234375 1364.719970703125 1315.5 1301.010009765625 1258.760009765625 1194.199951171875 1143.550048828125 1166.8299560546875 1148.239990234375 1148.3499755859375 1279.1199951171875 1440.0899658203125 1671.77001953125 1790.8499755859375 1865.8399658203125 1917.2900390625 2027.43994140625
2649.590087890625 2486.010009765625 2431.300048828125 2375 2457.070068359375 2510.75 2634.25 2491.090087890625 2504.81005859375 2609.159912109375 2737.35009765625 2511.949951171875 2462.25 2309.429931640625 2156.590087890625 2101.7900390625 2006.25 1979.43994140625 1836.0999755859375 1763.4100341796875 1659.3299560546875 1525.1099853515625 1313.1800537109375 1149.27001953125 988.17999267578125 825.6099853515625 902.3499755859375 1062.3900146484375 1269.550048828125 1194.6099853515625 1176.8399658203125 1176.4100341796875 1144.25 1081.5400390625 1074.27001953125 1118.5 1145.22998046875 1196.8900146484375 1308.52001953125 1567.6400146484375 1737.25 1805.699951171875 1884.8699951171875 1976.0899658203125 2119.1201171875
2628.929931640625 2569.139892578125 2460.1298828125 2304.77001953125 2234.97998046875 2347.840087890625 2442.18994140625 2349.340087890625 2463.360107421875 2587.5400390625 2732.280029296875 2497.570068359375 2412.260009765625 2305.6201171875 2227.14990234375 2092.35009765625 1941.510009765625 1863.739990234375 1840.7099609375 1770.5999755859375 1661.93994140625 1524.989990234375 1341.22998046875 1185.3399658203125 1027.4100341796875 841.04998779296875 838.8499755859375 989.3499755859375 1052.1600341796875 1065.8699951171875 1065.25 1085.969970703125 990.29998779296875 1024.97998046875 1099.72998046875 1173.8800048828125 1235.75 1280.9200439453125 1436.9200439453125 1579.050048828125 1721.9100341796875 1864.4599609375 1921.2099609375 1992.5799560546875 2188.909912109375
2401.199951171875 2369.580078125 2227.080078125 2173.7900390625 2093.39990234375 2164.56005859375 2297.590087890625 2406.75 2542.419921875 2699.93994140625 2599.8701171875 2553 2454.860107421875 2437.68994140625 2293.7900390625 2122.550048828125 1973.739990234375 1820.5 1734.52001953125 1653.9000244140625 1636.949951171875 1507.5400390625 1354.010009765625 1220.8399658203125 1033.4200439453125 832.53997802734375 788.02001953125 877.66998291015625 944.96002197265625 987.97998046875 989.6099853515625 960.92999267578125 952.989990234375 1044.0799560546875 1120.780029296875 1225.6800537109375 1314.31005859375 1360.31005859375 1501.4599609375 1646.219970703125 1828.010009765625 1895.800048828125 1970.18994140625 1999.550048828125 2235.6201171875
2160.419921875 2121.719970703125 2059.429931640625 1996.97998046875 2120.47998046875 2253.949951171875 2324.570068359375 2423.090087890625 2517.780029296875 2502.60009765625 2557.2900390625 2436.449951171875 2331.719970703125 2346.239990234375 2391.139892578125 2135.89990234375 1991.4599609375 1814.75 1598.739990234375 1514.72998046875 1538.4300537109375 1481.7099609375 1344.030029296875 1222.72998046875 1024.260009765625 841.030029296875 772.91998291015625 815.79998779296875 860.91998291015625 869.4000244140625 894.32000732421875 953.65997314453125 1071.5 1133.6199951171875 1171.1500244140625 1197.1700439453125 1298.9000244140625 1420.3699951171875 1627.4599609375 1779.5400390625 1906.5899658203125 1912.77001953125 1986.530029296875 2024.5799560546875 2172.179931640625
2079.510009765625 2007.2099609375 1913.31005859375 1913.949951171875 2106.27001953125 2325.889892578125 2513.610107421875 2427.409912109375 2369.800048828125 2368.1298828125 2314.010009765625 2254.60009765625 2220.18994140625 2310.070068359375 2347.1201171875 2129.8798828125 1966.739990234375 1809.969970703125 1596.0799560546875 1425.4599609375 1387.3800048828125 1404.06005859375 1302.1300048828125 1150.3499755859375 987.21002197265625 829.59002685546875 768 771.96002197265625 796.84002685546875 895.75 1023.8599853515625 1070.4100341796875 1196.97998046875 1261.6300048828125 1305.77001953125 1343.260009765625 1392.02001953125 1487.300048828125 1682.4599609375 1834.7099609375 1940.3699951171875 1948.449951171875 2034.3199462890625 2054.340087890625 2212.0400390625
2081.070068359375 1975.0699462890625 1824 1892.93994140625 2138.449951171875 2367.77001953125 2538.659912109375 2403.610107421875 2249.300048828125 2290.820068359375 2391.719970703125 2207.47998046875 2146.9599609375 2102.280029296875 2138.7900390625 2034.5 1933.22998046875 1756.6300048828125 1570.4100341796875 1412.8900146484375 1279.4100341796875 1252.4000244140625 1229.1199951171875 1113.06005859375 947.65997314453125 798.96002197265625 768 819.27001953125 879.030029296875 961.42999267578125 1143.8199462890625 1238.8800048828125 1341.4100341796875 1405.77001953125 1417.1500244140625 1486.6099853515625 1567.199951171875 1555.719970703125 1740.1700439453125 1890.1300048828125 1987.6199951171875 1998.4000244140625 2051.070068359375 2117.5400390625 2228.0400390625
2141.449951171875 1996.3800048828125 1795.6199951171875 1863.5400390625 2164.239990234375 2299.169921875 2409.050048828125 2297.1298828125 2190.39990234375 2135.77001953125 2264.0400390625 2127.1201171875 2067.080078125 1999.8800048828125 2078.030029296875 1948.800048828125 1750.9200439453125 1661.510009765625 1544.06005859375 1437.9100341796875 1324.1099853515625 1148.9300537109375 1091.989990234375 1022.010009765625 926.239990234375 807.17999267578125 768 853.3699951171875 873.5 988.97998046875 1150.3900146484375 1264.3699951171875 1416.469970703125 1475.010009765625 1463.06005859375 1539.239990234375 1590.989990234375 1657.18994140625 1817.22998046875 1934.6800537109375 2028.72998046875 2038.6099853515625 2093.719970703125 2371.1201171875 2315.969970703125
2081.330078125 1929.050048828125 1795.3800048828125 1829.1099853515625 2007.1199951171875 2210.929931640625 2214.659912109375 2229.1201171875 2068.0400390625 2038.739990234375 2172.610107421875 2105.239990234375 1989.510009765625 1883.8299560546875 1843.3499755859375 1819.72998046875 1696.3800048828125 1566.280029296875 1478 1335.06005859375 1254.260009765625 1188.719970703125 975.010009765625 919.0999755859375 857.33001708984375 829.09002685546875 768 861.1500244140625 947.3599853515625 967.280029296875 1109.280029296875 1190.52001953125 1280.1500244140625 1335.93994140625 1367.469970703125 1416.4100341796875 1465.7900390625 1646.260009765625 1900.06005859375 1961.8699951171875 2013.0899658203125 2073.570068359375 2168.75 2353.3798828125 2484.830078125
2120.719970703125 1924.8599853515625 1714.989990234375 1699.6099853515625 1943.010009765625 2023.199951171875 2004.22998046875 1990.1700439453125 1972.719970703125 1907.75 2027.6400146484375 1928.8900146484375 1871.4000244140625 1800.1700439453125 1706.5400390625 1665.6600341796875 1628.18994140625 1481.47998046875 1404.719970703125 1299.9300537109375 1223.9100341796875 1099.9000244140625 1074.18994140625 1008.46002197265625 907.8699951171875 821.09002685546875 768 798.58001708984375 976.15997314453125 1031.969970703125 1023.58001708984375 1103.06005859375 1160.6400146484375 1209.6099853515625 1279.949951171875 1358.27001953125 1500.2099609375 1664.300048828125 1876.199951171875 1974.6600341796875 2029.22998046875 2083.889892578125 2205.6298828125 2361.93994140625 2488.85009765625
1976.1400146484375 1829.219970703125 1622.760009765625 1592.81005859375 1822.0999755859375 1846.739990234375 1827.3800048828125 1815.6300048828125 1826.3299560546875 1805.0799560546875 1857.6400146484375 1765.760009765625 1689.5 1635.6600341796875 1546.47998046875 1536.760009765625 1513.3900146484375 1369.3399658203125 1308.68994140625 1226.8699951171875 1111.280029296875 1056.72998046875 953.22998046875 934.71002197265625 855.59002685546875 779.8499755859375 768 806.20001220703125 1001.92999267578125 1174.3599853515625 1127.5899658203125 1074.4599609375 1121.5799560546875 1221.800048828125 1320.3699951171875 1387.699951171875 1525.780029296875 1708.52001953125 1892.6199951171875 2011 2066.679931640625 2103.22998046875 2251.7099609375 2384.35009765625 2557.889892578125
1977.43994140625 1723.22998046875 1561.239990234375 1552.510009765625 1787.4000244140625 1732.8299560546875 1651.8199462890625 1656.3699951171875 1672.300048828125 1697.5799560546875 1706.47998046875 1614.3599853515625 1494.969970703125 1454.31005859375 1458.9300537109375 1382.3900146484375 1409.93994140625 1333.5699462890625 1184.31005859375 1109.949951171875 1056.18994140625 957.5 917.91998291015625 850.6400146484375 799.53997802734375 768 768 866.46002197265625 1038.469970703125 1252.1500244140625 1277.949951171875 1240.56005859375 1201.3699951171875 1272.0400390625 1342.06005859375 1427.27001953125 1555.8399658203125 1739.8399658203125 1908.969970703125 2041.5799560546875 2093.35009765625 2136 2310.090087890625 2424.320068359375 2654.330078125
1952.739990234375 1737.06005859375 1516.31005859375 1436.4300537109375 1616.9000244140625 1615.4599609375 1482.3299560546875 1434 1451.2900390625 1496.4100341796875 1481.56005859375 1429.8199462890625 1325.02001953125 1248.1199951171875 1190.9300537109375 1184.050048828125 1259.9000244140625 1198.3399658203125 1124.47998046875 1006.9000244140625 956.6500244140625 843.0999755859375 800.17999267578125 764.5999755859375 728.94000244140625 752.969970703125 790.95001220703125 863.69000244140625 1063.4300537109375 1175.1500244140625 1300.4000244140625 1417.3399658203125 1352.3699951171875 1348.199951171875 1363.5799560546875 1457.260009765625 1570.77001953125 1727.780029296875 1956.0999755859375 2068.110107421875 2099.929931640625 2193.679931640625 2330.919921875 2482.340087890625 2752.18994140625
1876.4100341796875 1824.4100341796875 1572.6300048828125 1309.3299560546875 1410.300048828125 1449.260009765625 1340.81005859375 1260.27001953125 1298.0699462890625 1325.22998046875 1283.6800537109375 1221.22998046875 1165.030029296875 1108.8900146484375 1031.3599853515625 1047.4100341796875 1120.4100341796875 1099.449951171875 1037.3800048828125 943.22998046875 849.90997314453125 763.70001220703125 723.1099853515625 722.53997802734375 725.489990234375 796.44000244140625 887.72998046875 938.3900146484375 990.25 1147.3599853515625 1319.4599609375 1449.52001953125 1475.030029296875 1398.72998046875 1399.47998046875 1511.0699462890625 1622.31005859375 1801.280029296875 1992.719970703125 2058.050048828125 2106.14990234375 2197.330078125 2349.179931640625 2474.280029296875 2675.800048828125
1748.969970703125 1504.22998046875 1448.260009765625 1283.97998046875 1302.02001953125 1227.9200439453125 1171.9300537109375 1120.050048828125 1188 1133.0400390625 1102.4200439453125 1032.77001953125 1004.91998291015625 953.71002197265625 906.3800048828125 832.91998291015625 900.33001708984375 936.4000244140625 921.34002685546875 826.90997314453125 744.75 719.5 720.77001953125 763.79998779296875 841.489990234375 939.90997314453125 1015.15997314453125 1116.1600341796875 1090.8499755859375 1107.800048828125 1306.3499755859375 1467.550048828125 1550.4200439453125 1464.9000244140625 1457.1400146484375 1560.25 1681.199951171875 1858.7900390625 2047.699951171875 2088.389892578125 2120.159912109375 2170.1201171875 2362.820068359375 2510.169921875 2607.47998046875
1338.300048828125 1287.1700439453125 1325.5 1069.8900146484375 977.54998779296875 954.4000244140625 1008.780029296875 998.20001220703125 954.09002685546875 883.219970703125 929.5999755859375 864.78997802734375 829.75 803.16998291015625 767.94000244140625 740.03997802734375 711.6300048828125 757.0999755859375 817.3900146484375 717.719970703125 717.6500244140625 717.47998046875 734.46002197265625 838.3499755859375 937.52001953125 1027.02001953125 1115.31005859375 1224.1500244140625 1223.199951171875 1311.280029296875 1330.0699462890625 1485.6400146484375 1635.0899658203125 1558.800048828125 1508.219970703125 1603.8499755859375 1715.4200439453125 1944.4599609375 2064.06005859375 2085.35009765625 2107.909912109375 2280.929931640625 2375.72998046875 2508.070068359375 2616.010009765625
1045.4599609375 956.69000244140625 951.6500244140625 866.16998291015625 763.1500244140625 711.280029296875 727.32000732421875 723.82000732421875 723.3800048828125 716.83001708984375 710.57000732421875 710.1500244140625 710.59002685546875 710.78997802734375 711.469970703125 711.1500244140625 711.780029296875 712.83001708984375 714.44000244140625 715.16998291015625 714.469970703125 756.75 828.71002197265625 888.21002197265625 956.94000244140625 1049.3299560546875 1167.719970703125 1297.510009765625 1392.93994140625 1465.9599609375 1550.43994140625 1577.1600341796875 1734.9200439453125 1723.699951171875 1623.1300048828125 1647.489990234375 1757.1199951171875 1933.9200439453125 2047.5 2069.889892578125 2122.409912109375 2292.659912109375 2380.909912109375 2506.8701171875 2608.090087890625
766.84002685546875 734.780029296875 711.41998291015625 709.469970703125 709.83001708984375 710.34002685546875 707.5999755859375 710.6099853515625 706.45001220703125 709.8599853515625 709.969970703125 710.09002685546875 710.34002685546875 710.8900146484375 708.530029296875 711.1500244140625 711.72998046875 712.90997314453125 713.15997314453125 713.46002197265625 753.0999755859375 844.84002685546875 950.34002685546875 1001.219970703125 1024.0899658203125 1079.02001953125 1134.3900146484375 1237.260009765625 1360.449951171875 1493.1400146484375 1638.93994140625 1761.550048828125 1817.8599853515625 1898.52001953125 1729.739990234375 1698.1700439453125 1827.93994140625 1955.760009765625 2047.6400146484375 2072.97998046875 2139.429931640625 2297.639892578125 2390.639892578125 2477.25 2560.10009765625
703.04998779296875 711.32000732421875 709.21002197265625 748.83001708984375 731.780029296875 710.33001708984375 709.58001708984375 711.1500244140625 708.1300048828125 710.1500244140625 709.69000244140625 708.3599853515625 710.28997802734375 710.29998779296875 710.530029296875 710.84002685546875 710.6500244140625 711.66998291015625 712.260009765625 712.19000244140625 767.010009765625 935.40997314453125 1099.1800537109375 1162.68994140625 1146.77001953125 1134.8499755859375 1170.469970703125 1256.239990234375 1348.5 1447.1199951171875 1615.199951171875 1789.5699462890625 1923.5699462890625 1993.489990234375 1858.3499755859375 1759.0799560546875 1849.739990234375 1990.06005859375 2077.860107421875 2088.2900390625 2136.360107421875 2307.7099609375 2376.3798828125 2444.8701171875 2556.550048828125
720 810.69000244140625 825.34002685546875 877.47998046875 926.25 924.0999755859375 861.46002197265625 810.27001953125 749.82000732421875 725.70001220703125 754.0999755859375 762.530029296875 772.8599853515625 737.030029296875 710.760009765625 710.75 711.21002197265625 710.59002685546875 711.72998046875 711.72998046875 719.57000732421875 889.0999755859375 1108.4599609375 1327.989990234375 1282.77001953125 1246.2900390625 1236.2099609375 1313.739990234375 1355.9100341796875 1487.6800537109375 1636.2900390625 1762.5799560546875 1928.5 2000.760009765625 1985.219970703125 1853.969970703125 1849.280029296875 1995.239990234375 2054.590087890625 2090.469970703125 2137.85009765625 2293.25 2370.760009765625 2444.14990234375 2550.56005859375
