SaReine/includes/Alpes250.asc
ncols        89
nrows        105
xllcorner    932775.000000000000
yllcorner    6439250.000000000000
cellsize     250.000000000000
NODATA_value  -99999
[rows 20 to 39 of 105, columns 0 to 44 of 89]
1786.949951171875 1935 2082.8798828125 2236.85009765625 2414.679931640625 2353.780029296875 2126.239990234375 2053.68994140625 2196.969970703125 2380.610107421875 2551.360107421875 2360.699951171875 2268.8798828125 2185.080078125 2147.639892578125 2019.3299560546875 1964.3399658203125 1783.3299560546875 1727.4200439453125 1741.22998046875 1652.010009765625 1489.8199462890625 1318.8599853515625 1213.6700439453125 1086.1600341796875 1222.280029296875 1367.4300537109375 1551.989990234375 1761.97998046875 1900.3699951171875 1816.2099609375 1702.260009765625 1602.52001953125 1494.3299560546875 1400.6800537109375 1403.06005859375 1420.5 1473.43994140625 1562.3299560546875 1717.8299560546875 1842.68994140625 1900 1851.2900390625 1843.300048828125 1871.8499755859375
1889.3299560546875 1993.050048828125 2123.320068359375 2322.030029296875 2470.27001953125 2386.510009765625 2232.239990234375 2178.1201171875 2216.639892578125 2410.280029296875 2525.52001953125 2434.840087890625 2338.6298828125 2237.300048828125 2145.18994140625 2062.179931640625 1902.1800537109375 1770.4200439453125 1680.949951171875 1629.949951171875 1531.8599853515625 1429.4300537109375 1294.9300537109375 1162.8299560546875 1105.6099853515625 1261.5 1431.8299560546875 1613.050048828125 1840.8299560546875 2021.9200439453125 1978.530029296875 1926.4300537109375 1850.3499755859375 1696.5799560546875 1571.68994140625 1513.8299560546875 1555.27001953125 1669.739990234375 1773.3800048828125 1900.5899658203125 2033 2104.169921875 2054.429931640625 2055.1298828125 2049.510009765625
2050.050048828125 2216.72998046875 2226.7099609375 2313.0400390625 2401.360107421875 2401.449951171875 2382.429931640625 2374.760009765625 2376.2099609375 2401.81005859375 2521.780029296875 2392.929931640625 2282.18994140625 2225.60009765625 2137 2064.659912109375 1955.1400146484375 1862.3900146484375 1793.5899658203125 1678.06005859375 1581.3599853515625 1442.75 1292.8900146484375 1105.77001953125 1141.4599609375 1327.31005859375 1505.5699462890625 1691 1891.8299560546875 2037.6600341796875 2139.02001953125 2106.68994140625 1925.219970703125 1817.81005859375 1790.050048828125 1721.3199462890625 1753.0999755859375 1870.530029296875 1931.27001953125 2001.4000244140625 2134.510009765625 2303.860107421875 2237.1201171875 2169.5400390625 2046.0999755859375
1994.260009765625 2102.919921875 2155.14990234375 2136.949951171875 2174.760009765625 2236.820068359375 2340.969970703125 2422.840087890625 2580 2510.56005859375 2377.219970703125 2280.010009765625 2195.820068359375 2107.570068359375 1974.6800537109375 1875.02001953125 1868.3399658203125 1783.219970703125 1770.969970703125 1701.72998046875 1563.5999755859375 1400.7900390625 1230.989990234375 1058.8599853515625 1157.530029296875 1344.8599853515625 1454.6300048828125 1619.8699951171875 1840.31005859375 2008.31005859375 2183.860107421875 2179.7099609375 2073.840087890625 1953.5 1936 1941.719970703125 1925.9200439453125 2117.60009765625 2162.159912109375 2154.659912109375 2270.800048828125 2254.7900390625 2210.14990234375 2150.77001953125 2118.89990234375
1911.699951171875 2072.260009765625 2136.659912109375 2128.860107421875 2163.300048828125 2240.2900390625 2299.260009765625 2440.919921875 2590.659912109375 2499.860107421875 2418.06005859375 2330.639892578125 2221.39990234375 2134.800048828125 1930.7099609375 1774.7900390625 1675.0899658203125 1608.719970703125 1567.8699951171875 1562.3199462890625 1529.3599853515625 1347.9100341796875 1135.5400390625 1055.5899658203125 1214.3299560546875 1372.75 1522.8199462890625 1749.760009765625 1907.4100341796875 2142.360107421875 2316.52001953125 2326.969970703125 2200.239990234375 2106.159912109375 2086.9599609375 2189.639892578125 2095.64990234375 2269.27001953125 2349.610107421875 2310.469970703125 2220.18994140625 2146.360107421875 2094.050048828125 2095.31005859375 2141.929931640625
1882.81005859375 2003.6800537109375 2051.929931640625 2141.320068359375 2293.679931640625 2374.489990234375 2410.669921875 2505.25 2557.949951171875 2468.580078125 2398.639892578125 2276.989990234375 2198.81005859375 2070.4599609375 1929.7099609375 1756.3699951171875 1619.1199951171875 1521.0699462890625 1437.1700439453125 1354.989990234375 1381.6700439453125 1280.6600341796875 1072.8800048828125 1107.0699462890625 1207.3299560546875 1362.0799560546875 1514.3499755859375 1703.5999755859375 1956.52001953125 2115.679931640625 2351.550048828125 2424.639892578125 2320.590087890625 2338.590087890625 2229.030029296875 2389.14990234375 2231.739990234375 2341.739990234375 2361.2900390625 2197.610107421875 2112.280029296875 2025.9100341796875 2015.469970703125 2071.0400390625 2111.330078125
1845.4300537109375 1995.969970703125 2087.139892578125 2223.159912109375 2430.139892578125 2515.77001953125 2611.570068359375 2672.760009765625 2431.81005859375 2333.6201171875 2308.669921875 2281.300048828125 2281.340087890625 2108.530029296875 1914.93994140625 1714.43994140625 1652.219970703125 1647.9599609375 1593.93994140625 1420.989990234375 1271.6800537109375 1166.4599609375 1009.8900146484375 1102.1600341796875 1255.43994140625 1410.199951171875 1584.5 1733.52001953125 1961.72998046875 2118.929931640625 2239 2518.8701171875 2442.429931640625 2353.969970703125 2340.7900390625 2426.300048828125 2508.489990234375 2404.43994140625 2188.239990234375 2086.280029296875 1975.22998046875 1923.5699462890625 1963.6800537109375 2017.8900146484375 2088.10009765625
1942.31005859375 2069.860107421875 2211.469970703125 2414.719970703125 2556.800048828125 2606.429931640625 2597.510009765625 2647.280029296875 2477.050048828125 2326.860107421875 2196.830078125 2133.929931640625 2072.6201171875 1973.1800537109375 1856.06005859375 1785.3699951171875 1774.2900390625 1799.8299560546875 1686.550048828125 1532.8299560546875 1361.219970703125 1165.0899658203125 1012.52001953125 1129.0699462890625 1264.800048828125 1393.050048828125 1589.4599609375 1741.1099853515625 1988.1700439453125 2198.7900390625 2272.5400390625 2415.89990234375 2491.7900390625 2477.669921875 2411.590087890625 2580.22998046875 2414.85009765625 2190.469970703125 2088.449951171875 1968.1800537109375 1881.260009765625 1894.260009765625 1901.8299560546875 1988.22998046875 2087.820068359375
1861.449951171875 2156.919921875 2266.179931640625 2440.6298828125 2490.090087890625 2503.5400390625 2508.820068359375 2627.8798828125 2535.219970703125 2450.85009765625 2360.659912109375 2252.0400390625 2221.389892578125 2111.449951171875 1990.93994140625 1950.1700439453125 1877.06005859375 1822.93994140625 1698.47998046875 1541.9200439453125 1381.8900146484375 1199.8599853515625 983.41998291015625 1144.300048828125 1290.9599609375 1484.489990234375 1622.6099853515625 1790 1988.06005859375 2173.4599609375 2389.7900390625 2558.260009765625 2484.280029296875 2399.840087890625 2362.18994140625 2317.169921875 2270.56005859375 2106.14990234375 1991.9200439453125 1866.969970703125 1808.260009765625 1804.5 1919.1800537109375 1986.3499755859375 2099.919921875
1938.06005859375 2098.010009765625 2245.889892578125 2292.889892578125 2317.320068359375 2400.719970703125 2542.3798828125 2681.070068359375 2550.93994140625 2455.75 2431.050048828125 2296.18994140625 2256.68994140625 2106.030029296875 1992.47998046875 1857.1400146484375 1725.969970703125 1678.300048828125 1637.1199951171875 1522.3900146484375 1391.239990234375 1208.81005859375 979.489990234375 1087.760009765625 1262.06005859375 1460.010009765625 1631.699951171875 1790.18994140625 1970.27001953125 2113.949951171875 2254.860107421875 2479.929931640625 2333.39990234375 2324.590087890625 2229.409912109375 2204.72998046875 2115.4599609375 2025.969970703125 1893.300048828125 1786.2900390625 1737.489990234375 1824.18994140625 1869.18994140625 2050.449951171875 2127.219970703125
2066.64990234375 2172.639892578125 2223.179931640625 2213.35009765625 2253.9599609375 2423.81005859375 2536.889892578125 2706.659912109375 2560.300048828125 2341.56005859375 2399.389892578125 2266.659912109375 2126.25 2089.679931640625 1996.81005859375 1892.3499755859375 1718.9599609375 1575.4000244140625 1509.6500244140625 1434.989990234375 1366.9000244140625 1227.47998046875 1021.29998779296875 1018.32000732421875 1217.31005859375 1398.97998046875 1582.02001953125 1763.22998046875 1865.699951171875 2002.68994140625 2156.010009765625 2413.429931640625 2295.300048828125 2205.860107421875 2300.010009765625 2134.3798828125 2016.6400146484375 1932.06005859375 1821.7099609375 1705.2099609375 1666.9300537109375 1705.6099853515625 1852.5 2001.5799560546875 1962.6199951171875
2162.2099609375 2162.989990234375 2163.389892578125 2172.300048828125 2279.409912109375 2340.25 2508.260009765625 2710.280029296875 2552.260009765625 2428.010009765625 2235.780029296875 2195.5400390625 2077.429931640625 2143.050048828125 2050.8798828125 1935.5699462890625 1788.050048828125 1642.81005859375 1517.8699951171875 1375.1700439453125 1286.2900390625 1186.1099853515625 1007.8499755859375 979.5999755859375 1172.8299560546875 1346.219970703125 1544.56005859375 1628.4200439453125 1734.1500244140625 1932.4599609375 2114.43994140625 2298.1298828125 2213.72998046875 2127.239990234375 2120.070068359375 2058.389892578125 1962.719970703125 1840.699951171875 1776 1650.030029296875 1600.43994140625 1631.6700439453125 1783.8699951171875 1818.1600341796875 1803.6199951171875
2269.919921875 2226.56005859375 2239.6298828125 2315.06005859375 2285.1298828125 2336.89990234375 2479.469970703125 2682.800048828125 2629.389892578125 2458.389892578125 2331.840087890625 2219.510009765625 2175.64990234375 2249.02001953125 2119.590087890625 2009.18994140625 1861.9000244140625 1729.1600341796875 1610.3499755859375 1517.6300048828125 1399.8699951171875 1243.7900390625 1031.7099609375 953.239990234375 1100.7900390625 1311.8800048828125 1468.9000244140625 1641.8800048828125 1836.219970703125 1976.77001953125 2139.56005859375 2315.639892578125 2220.56005859375 2068.489990234375 2022.300048828125 1931.050048828125 1848.8800048828125 1780.2900390625 1655.3800048828125 1623.8900146484375 1535.75 1534.1800537109375 1612.699951171875 1635.18994140625 1624.280029296875
2429.489990234375 2380.830078125 2480.5400390625 2453.169921875 2436.25 2381.780029296875 2437.360107421875 2521.050048828125 2667.580078125 2559.010009765625 2405.47998046875 2318.35009765625 2346.89990234375 2196.7099609375 2050.679931640625 1944.530029296875 1889.449951171875 1813.780029296875 1710.8599853515625 1567.5699462890625 1473.8199462890625 1295.1600341796875 1052.75 957.30999755859375 1058.8900146484375 1231.3199462890625 1443.68994140625 1581.3499755859375 1796.0899658203125 2010.06005859375 2232.800048828125 2202.39990234375 2037.27001953125 2019.1300048828125 1911.8199462890625 1772.260009765625 1695.1300048828125 1686.949951171875 1576.7099609375 1528.3499755859375 1465.6800537109375 1427.3199462890625 1451.9200439453125 1480.93994140625 1586.0999755859375
2646.0400390625 2601.800048828125 2668.280029296875 2660.97998046875 2581.4599609375 2548.77001953125 2498.800048828125 2543.639892578125 2850.77001953125 2700.080078125 2479.52001953125 2333.64990234375 2247.429931640625 2168.080078125 2049.7900390625 1915.199951171875 1809.989990234375 1705.510009765625 1647.010009765625 1582.800048828125 1501.739990234375 1360.5899658203125 1106.219970703125 960.79998779296875 994.030029296875 1155.2900390625 1341.8800048828125 1558.97998046875 1719.449951171875 1981.4300537109375 2153.389892578125 2102.929931640625 1956.93994140625 1860.72998046875 1841.72998046875 1725.0899658203125 1573.9200439453125 1548.5999755859375 1517.72998046875 1446.4100341796875 1416.010009765625 1395.2900390625 1376.1300048828125 1503.449951171875 1665.3399658203125
2481.97998046875 2545.590087890625 2584.919921875 2644.659912109375 2660.02001953125 2618.340087890625 2601.159912109375 2806.02001953125 2635.409912109375 2548.72998046875 2399.159912109375 2349.010009765625 2229.169921875 2088.52001953125 2020.5 1795.9300537109375 1643.219970703125 1534.239990234375 1455.8399658203125 1441.010009765625 1344.6400146484375 1274.7900390625 1105.5 1010.59002685546875 900.6400146484375 1081.8399658203125 1242.5699462890625 1408.5400390625 1578.8800048828125 1818.469970703125 2014.8199462890625 1939.77001953125 1863.550048828125 1663.010009765625 1665.75 1648.1099853515625 1580.2099609375 1462.93994140625 1430.3499755859375 1379.050048828125 1378.3699951171875 1345.8699951171875 1423.75 1591.7900390625 1705.510009765625
2417.610107421875 2447.9599609375 2494.6201171875 2573.3798828125 2781.77001953125 2795.179931640625 2804.429931640625 2832.8701171875 2514.1201171875 2336.419921875 2218.489990234375 2200.199951171875 2159.429931640625 2032.780029296875 1878.739990234375 1738.5999755859375 1624.050048828125 1571.5699462890625 1458.1700439453125 1346.280029296875 1248.4300537109375 1180.4300537109375 1150.52001953125 1017.6300048828125 906.94000244140625 1043.1700439453125 1233.010009765625 1420.449951171875 1597.06005859375 1859.8800048828125 1851.72998046875 1751.3599853515625 1674.219970703125 1580.6099853515625 1504.3900146484375 1532.4000244140625 1480.1400146484375 1416.280029296875 1337.0999755859375 1323.1300048828125 1318.56005859375 1428.97998046875 1618.77001953125 1679.489990234375 1750.9200439453125
2399.169921875 2468.760009765625 2556.409912109375 2622.070068359375 2712.7900390625 2766.179931640625 2814.02001953125 2713.679931640625 2523.409912109375 2323.679931640625 2196.139892578125 2192.889892578125 2140.909912109375 2013.5799560546875 1911.8900146484375 1788.010009765625 1740.4599609375 1744.1199951171875 1633.050048828125 1516.949951171875 1432.0999755859375 1368.8199462890625 1204.77001953125 1025.9000244140625 899.6199951171875 994.02001953125 1204.3800048828125 1384.25 1541.97998046875 1818.5699462890625 1719.3900146484375 1644.6099853515625 1544.5699462890625 1470.1099853515625 1377.1199951171875 1434.5 1392.050048828125 1339.1199951171875 1281.719970703125 1290.9300537109375 1377.3800048828125 1545.780029296875 1688.0999755859375 1750.9300537109375 1809.3900146484375
2445.27001953125 2613.590087890625 2716.739990234375 2651.3701171875 2681.919921875 2750.800048828125 2765.35009765625 2728.969970703125 2636.110107421875 2380.699951171875 2218.800048828125 2143.3701171875 2039.239990234375 1991.72998046875 1968.93994140625 1938.5 1943.3599853515625 1872.969970703125 1705.1099853515625 1643.280029296875 1551.7099609375 1433.72998046875 1236.6300048828125 1050.8399658203125 882.530029296875 951.1099853515625 1120.8399658203125 1296.25 1599.550048828125 1657.18994140625 1567.52001953125 1516.8599853515625 1460.0999755859375 1351.489990234375 1307.510009765625 1323.699951171875 1303.3599853515625 1259.8499755859375 1214.260009765625 1309.3900146484375 1472.239990234375 1689.4300537109375 1728.9200439453125 1816.0400390625 1900.2099609375
2576.360107421875 2634.06005859375 2654.429931640625 2600.52001953125 2630.830078125 2690.81005859375 2590.330078125 2614.27001953125 2620.429931640625 2465.6298828125 2314.949951171875 2244.360107421875 2137.419921875 2040.02001953125 2024.5799560546875 2044 1948.0400390625 1833.3599853515625 1760.699951171875 1678.510009765625 1590.719970703125 1449.5999755859375 1279.030029296875 1090.530029296875 915.8900146484375 885.04998779296875 1064.0699462890625 1274.02001953125 1584.1800537109375 1565.0699462890625 1459.1800537109375 1390.56005859375 1358.77001953125 1298.4100341796875 1216.81005859375 1238.1400146484375 1216.9599609375 1192.239990234375 1219.989990234375 1354.81005859375 1558.1400146484375 1721.6400146484375 1778.8599853515625 1848.75 1971.56005859375
