SaReine/includes/Alpes500.asc
ncols        45
nrows        53
xllcorner    932775.000000000000
yllcorner    6439250.000000000000
cellsize     500.000000000000
NODATA_value  -99999
[rows 21 to 41 of 53, columns 0 to 44 of 45]
2560.909912109375 2389.85009765625 2215.409912109375 2322.449951171875 2541.4599609375 2631.239990234375 2465.0400390625 2151.9599609375 1911.3599853515625 1815.3599853515625 1604.260009765625 1311.030029296875 994.6300048828125 840.739990234375 1035.27001953125 1044.9000244140625 975.9000244140625 1104.9300537109375 1252.8199462890625 1449.27001953125 1729.5899658203125 1932.300048828125 2218.760009765625 2547.719970703125 2591.360107421875 2622.43994140625 2788.179931640625 3124.2900390625 3027.14990234375 2913 2871.60009765625 2894.300048828125 2704 2613.0400390625 2501.6201171875 2480.6298828125 2456.1201171875 2199.389892578125 2049.580078125 2201.199951171875 2350.89990234375 2239 2314.5 2366.5 2561.300048828125
2120.1298828125 2009.719970703125 2187.179931640625 2415.110107421875 2459.330078125 2449.75 2330.6201171875 2325.330078125 1893.8199462890625 1531.18994140625 1513.989990234375 1316.47998046875 985.8900146484375 772.27001953125 860.47998046875 867.08001708984375 1088.3599853515625 1200.77001953125 1310.6800537109375 1648.719970703125 1912.8199462890625 1995.530029296875 2183.469970703125 2442.159912109375 2617.9599609375 2735.239990234375 2912.760009765625 3336.199951171875 3003.719970703125 2811.699951171875 2741.699951171875 2581.39990234375 2563.300048828125 2437.56005859375 2272.31005859375 2362.72998046875 2388.780029296875 2074.320068359375 1995.8399658203125 2123.5 2268.89990234375 2343.39990234375 2292.199951171875 2269.5 2360.10009765625
2034.8599853515625 1807.800048828125 2236.820068359375 2488.800048828125 2225.1201171875 2315.030029296875 2116.139892578125 2072.469970703125 1854.9100341796875 1500.02001953125 1224.4300537109375 1194.4599609375 918.04998779296875 768 890.96002197265625 1156.02001953125 1365.27001953125 1437.4300537109375 1583.9599609375 1751.469970703125 1995.8599853515625 2059.830078125 2263.52001953125 2596.010009765625 2641.2099609375 2861.3798828125 3047.75 3422.0400390625 3120.56005859375 2870.3798828125 2760.25 2690.93994140625 2510.409912109375 2214.409912109375 2127.81005859375 2280.52001953125 2381.909912109375 2010.9300537109375 1944.3900146484375 2027.530029296875 2233.580078125 2169.89990234375 2132.800048828125 2144.949951171875 2259.14990234375
2027.4000244140625 1759.9200439453125 2071.550048828125 2199.580078125 2009.8399658203125 2151.5 1927.06005859375 1810.5999755859375 1630.6600341796875 1427.93994140625 1217.77001953125 965.94000244140625 898.8800048828125 768 982.66998291015625 1084.97998046875 1249.8499755859375 1349.199951171875 1478.9100341796875 1904.489990234375 2014.5 2172.1298828125 2487.989990234375 2638.469970703125 2722.22998046875 2986.5 3255.969970703125 3328.47998046875 3108.449951171875 2863.179931640625 2816.090087890625 2681.75 2483.330078125 2232.699951171875 2027.52001953125 2214.550048828125 2218.02001953125 1919.4000244140625 2005.1400146484375 2164.429931640625 2090.330078125 2197.800048828125 2173.300048828125 2244.840087890625 2405.080078125
1898.8299560546875 1548.780029296875 1908.9300537109375 1800.3599853515625 1790.2900390625 1774.199951171875 1628.5799560546875 1490.4599609375 1463.52001953125 1263.800048828125 1075.4200439453125 941.44000244140625 831.08001708984375 768 1052.97998046875 1160.969970703125 1120.300048828125 1327.25 1532.800048828125 1897.739990234375 2076.010009765625 2250.68994140625 2581.22998046875 2677 2798.260009765625 2968.699951171875 3213.5 3051.719970703125 3136.159912109375 2813.280029296875 2715.5 2581.669921875 2435.3798828125 2195.43994140625 2002.72998046875 2301.969970703125 2075.080078125 1864.9200439453125 2123.320068359375 2316.820068359375 2142.139892578125 2313.25 2268.989990234375 2332.81005859375 0
1878.8399658203125 1452.25 1673.56005859375 1455.3399658203125 1479.18994140625 1455.3199462890625 1303.22998046875 1175.43994140625 1251.4300537109375 1085.97998046875 921.83001708984375 796.84002685546875 729.55999755859375 812.760009765625 1101.8199462890625 1300.4000244140625 1352.3699951171875 1363.5799560546875 1570.77001953125 1956.0999755859375 2099.929931640625 2330.919921875 2752.18994140625 2714.610107421875 2858.18994140625 2992.580078125 3256.010009765625 2853.64990234375 2744.389892578125 2847.030029296875 2625.860107421875 2484.02001953125 2343.889892578125 2069.2900390625 2062.989990234375 2285.719970703125 1920.449951171875 1947.4200439453125 2170.550048828125 2380.81005859375 2191.85009765625 2448.550048828125 2377.93994140625 2507.93994140625 0
1737.449951171875 1470.68994140625 1306.3199462890625 1195.800048828125 1190.7900390625 1150.5799560546875 1018.1500244140625 899.27001953125 975.510009765625 917.04998779296875 731.15997314453125 721.8499755859375 836.8900146484375 1017.510009765625 1069.1300048828125 1309.3399658203125 1535.300048828125 1442.280029296875 1669.3299560546875 2038.18994140625 2117.8798828125 2357.81005859375 2609.56005859375 2662 2814.0400390625 2994.47998046875 3117.610107421875 3018.239990234375 2579.2900390625 2515.409912109375 2486.919921875 2328.260009765625 2153.889892578125 1973.739990234375 2047.010009765625 2112.590087890625 1874.4599609375 2080.760009765625 2279.8701171875 2389.050048828125 2224.27001953125 2415.080078125 2491.159912109375 2642.169921875 0
1063.5699462890625 1012.6500244140625 728.6500244140625 798.09002685546875 755.6500244140625 719.47998046875 720.27001953125 711.010009765625 712.219970703125 715.260009765625 715.3900146484375 824.70001220703125 985.57000732421875 1199.530029296875 1365.8499755859375 1507.699951171875 1714.1700439453125 1599.2099609375 1749.3900146484375 2060.280029296875 2119.3701171875 2378.929931640625 2613 2658.530029296875 2838.68994140625 3026.659912109375 2947.179931640625 3074.139892578125 2661.81005859375 2453.340087890625 2340.409912109375 2234.639892578125 2094.080078125 1887.2900390625 2155.7099609375 1923.77001953125 1947.9000244140625 2128.429931640625 2258.760009765625 2461.719970703125 2333.1298828125 2467.159912109375 2427.739990234375 2554.989990234375 0
710.1500244140625 710.8499755859375 710.32000732421875 709.3900146484375 710 709.9000244140625 710.15997314453125 710.760009765625 711.65997314453125 712.57000732421875 830.530029296875 1084.6099853515625 1115.8599853515625 1172.77001953125 1344.72998046875 1608.4100341796875 1919.8699951171875 1829.0699462890625 1856.300048828125 2073.889892578125 2136.860107421875 2373.929931640625 2558.22998046875 2599.39990234375 2767.909912109375 3000.6298828125 2875.860107421875 2965 2537.300048828125 2449.72998046875 2408.409912109375 2179.179931640625 1985.510009765625 1931.199951171875 2023.8299560546875 1813.93994140625 1949.760009765625 2142.699951171875 2358.610107421875 2522.169921875 2524.719970703125 2453.179931640625 2432.929931640625 2557.1298828125 0
918.77001953125 1074.4300537109375 1075.199951171875 1012.5999755859375 869.260009765625 986.97998046875 941.54998779296875 710.77001953125 711.25 711.78997802734375 765.46002197265625 1116.3299560546875 1407.6300048828125 1322.3599853515625 1435.8399658203125 1675.1199951171875 1941.0699462890625 1971.949951171875 1893.81005859375 2046.6600341796875 2136.52001953125 2353.31005859375 2544.719970703125 2649.080078125 2996.550048828125 2857.409912109375 2812.3701171875 2962.52001953125 2652.260009765625 2438.280029296875 2203.489990234375 2028.9599609375 1742.77001953125 1989.2099609375 1766.9000244140625 1911.8699951171875 2006.0799560546875 2169.64990234375 2232.27001953125 2345.510009765625 2562.35009765625 2487.31005859375 2342.31005859375 2388.219970703125 0
1295.7099609375 1752.8299560546875 1731.719970703125 1488.02001953125 1372.6600341796875 1403.6700439453125 819.40997314453125 711.1099853515625 710.8800048828125 714.72998046875 763.3800048828125 1155.0899658203125 1460.530029296875 1580.22998046875 1751.6400146484375 1859.6700439453125 1991.5799560546875 1922.969970703125 2002.8599853515625 2091.25 2169.4599609375 2331.760009765625 2480.110107421875 2685.719970703125 2814.8701171875 2703.1201171875 2730.43994140625 2798.360107421875 2584.860107421875 2365.989990234375 2103.5400390625 1846.3599853515625 1612.739990234375 1854.4100341796875 1829.0699462890625 1958.6800537109375 2136.7099609375 2212.6201171875 2245.56005859375 2324.4599609375 2248.7900390625 2433.550048828125 2315.97998046875 2231.72998046875 0
1299.550048828125 1808.7099609375 2186.090087890625 1956.8599853515625 1805.030029296875 1416.3599853515625 802.6500244140625 711.4000244140625 711.280029296875 712.29998779296875 870.030029296875 1234.47998046875 1501.3399658203125 1792.3199462890625 2013.72998046875 2075.949951171875 1974.1199951171875 1878.199951171875 1956.1400146484375 2038.0999755859375 2117.239990234375 2184.010009765625 2394.580078125 2484.52001953125 2691.8798828125 2487.110107421875 2570.949951171875 2627.89990234375 2578.330078125 2256.929931640625 2002.72998046875 1727.489990234375 1569.1400146484375 1672.8599853515625 1786.6300048828125 2056.8701171875 2202.580078125 2232.800048828125 2138.06005859375 1975.5899658203125 2029.2099609375 2374.81005859375 2285.93994140625 2242.889892578125 0
1431.6300048828125 2042.989990234375 2424.72998046875 1965.72998046875 1482.530029296875 1188.9100341796875 848.8599853515625 711.6400146484375 711.9000244140625 711.95001220703125 1103.949951171875 1430.6800537109375 1621.969970703125 1798.1099853515625 1980.6700439453125 1995.8800048828125 1948.6199951171875 1854.989990234375 1911.25 1955.27001953125 2005.81005859375 2060.530029296875 2343.800048828125 2368.800048828125 2613.699951171875 2327.219970703125 2403.47998046875 2482.909912109375 2322.39990234375 2165.0400390625 1859.6500244140625 1660.3699951171875 1510.2900390625 1640.6500244140625 1914.969970703125 2107.969970703125 2096.260009765625 2007.1500244140625 1875.3199462890625 1771.530029296875 2053.68994140625 2402.030029296875 2356.199951171875 2254.56005859375 0
1780.9100341796875 2253.659912109375 2218.1298828125 1852.219970703125 1515.4300537109375 1122.8599853515625 765.84002685546875 711.59002685546875 712.40997314453125 739.45001220703125 1261.9300537109375 1512.949951171875 1598.3399658203125 1866.6500244140625 1873.030029296875 1764.5699462890625 1814.8699951171875 1822.31005859375 1825.6600341796875 1869.239990234375 1920.739990234375 1995.6199951171875 2063.909912109375 2184.10009765625 2400.580078125 2266.469970703125 2174.25 2203.75 2235.14990234375 2059.300048828125 1778.2900390625 1586.530029296875 1446.5 1719.8499755859375 1990.18994140625 1858.97998046875 2042.43994140625 1824.22998046875 1710.5699462890625 1891.43994140625 2079.860107421875 2428.669921875 2384.7900390625 2327.580078125 0
2261.070068359375 2308.4599609375 2140.22998046875 1722.9599609375 1355.8199462890625 993.08001708984375 730.28997802734375 713.57000732421875 713.530029296875 719.15997314453125 1191.0899658203125 1420.4300537109375 1592.300048828125 1914.93994140625 1776.719970703125 1622.68994140625 1748.25 1815.31005859375 1791.4200439453125 1836.75 1859.2099609375 1880.4000244140625 1950.280029296875 1957.1400146484375 2234.919921875 2227.3798828125 2079.35009765625 1956.760009765625 2030.93994140625 1975.25 1793.550048828125 1529.7099609375 1370.6300048828125 1721.0699462890625 1845.050048828125 1792.0999755859375 1779.6500244140625 1664.030029296875 1897.9300537109375 2153.570068359375 2383.72998046875 2382.989990234375 2239.610107421875 2399.199951171875 0
2406.8701171875 2194.7099609375 1982.0799560546875 1524.81005859375 1168.239990234375 1028.02001953125 746.8599853515625 712.719970703125 712.91998291015625 716.34002685546875 1148.699951171875 1302.3900146484375 1537.31005859375 1779.6800537109375 1638.219970703125 1506.449951171875 1556.1500244140625 1598.1600341796875 1557.1199951171875 1613.300048828125 1768.22998046875 1672.489990234375 1749.5699462890625 1789.1099853515625 1965.3599853515625 2006.8499755859375 1814.7900390625 1853.5999755859375 1902.77001953125 2000.8599853515625 1683.739990234375 1444.550048828125 1407.280029296875 1852.4300537109375 1674.8199462890625 1577.5799560546875 1648.6400146484375 1745.6700439453125 1922.9200439453125 2285.25 2314.22998046875 2217.110107421875 2293.4599609375 2426.18994140625 0
2330.860107421875 2110.530029296875 1854.02001953125 1528.719970703125 1446.8199462890625 1232.1199951171875 873.219970703125 712.530029296875 714.25 718.95001220703125 716.46002197265625 846.0999755859375 1156.7099609375 1421.260009765625 1459.1300048828125 1380.5400390625 1469.25 1650.6300048828125 1792.8499755859375 1690.8199462890625 1692.550048828125 1723.969970703125 1710.050048828125 1668.3299560546875 1739.97998046875 1769.6800537109375 1930.1600341796875 2057.050048828125 2213.60009765625 1869.489990234375 1584.780029296875 1393.6500244140625 1550.75 1726.7900390625 1597.97998046875 1689.760009765625 1897.8699951171875 1935.31005859375 2180.25 2239.010009765625 2208.25 2284.659912109375 2270.39990234375 2419.2900390625 0
2289.10009765625 2105.669921875 1750.719970703125 1495.6400146484375 1406.02001953125 1367.72998046875 1095 722.22998046875 720.0999755859375 722.47998046875 715.9000244140625 718.75 905.8499755859375 1236.0899658203125 1214.4300537109375 1211.719970703125 1478.800048828125 1644.6800537109375 1807.0799560546875 1838.9200439453125 1892.530029296875 1928.8800048828125 1866.219970703125 1881.8399658203125 2130.139892578125 2065.550048828125 2139.56005859375 2336.3798828125 2168.22998046875 1741.8399658203125 1483.510009765625 1340.3599853515625 1492.8199462890625 1551.010009765625 1533.6300048828125 1708.1400146484375 1774.1400146484375 1993.989990234375 2258.75 2215.860107421875 2194.239990234375 2197.06005859375 2271.2099609375 2331 0
2148.919921875 1957.3599853515625 1692.719970703125 1391.56005859375 1257.25 1044.7099609375 993.20001220703125 756.77001953125 732.22998046875 722.65997314453125 716.84002685546875 715.8900146484375 752.04998779296875 1053.5400390625 962.3499755859375 1040.469970703125 1418.050048828125 1602.6500244140625 1858.3599853515625 2041.8599853515625 2099.280029296875 2005.0699462890625 1885.25 1895.2099609375 2099.25 1871.56005859375 1965.949951171875 2184.10009765625 2021.1099853515625 1623.6199951171875 1376.6300048828125 1364.0999755859375 1479.3199462890625 1513.9100341796875 1705.1800537109375 1809.449951171875 1795.1300048828125 2068.8798828125 2219.820068359375 2290.110107421875 2233.179931640625 2191.820068359375 2233.2099609375 2258.97998046875 0
2083.4599609375 1888.1800537109375 1644.9300537109375 1399.5799560546875 1592.1700439453125 1277.3699951171875 821.03997802734375 956.5999755859375 1051.4200439453125 747.53997802734375 716.969970703125 716.54998779296875 717.59002685546875 965.94000244140625 1069.27001953125 1203.719970703125 1446.6700439453125 1592.18994140625 1775.1600341796875 2004.8199462890625 2114.47998046875 1932.3499755859375 1725.3199462890625 1833.8199462890625 1957.550048828125 1699.739990234375 1790.9000244140625 1984.9599609375 1829.9300537109375 1512.9599609375 1253.8399658203125 1526.530029296875 1720.1400146484375 1812.06005859375 1968.22998046875 1978.77001953125 2043.6500244140625 2106.580078125 2255.169921875 2341.60009765625 2285.550048828125 2204.760009765625 2319.22998046875 2366.590087890625 0
1985.2099609375 1899.219970703125 1632.969970703125 1546.3499755859375 1558.489990234375 1157.199951171875 773.3499755859375 1103.0699462890625 1217.5899658203125 785.21002197265625 717.77001953125 717.27001953125 717.4000244140625 920.530029296875 1172.1400146484375 1404.0899658203125 1592.6800537109375 1760.25 1708.7099609375 1804.6400146484375 1945.050048828125 1812.9100341796875 1611.3699951171875 1746.7900390625 1785.25 1513.6500244140625 1614.760009765625 1783.8800048828125 1609.1199951171875 1273.06005859375 1210.6400146484375 1638.22998046875 1948.760009765625 1948.4300537109375 1857.1500244140625 1893.5999755859375 2086.590087890625 2314.1298828125 2343.409912109375 2288.639892578125 2257.409912109375 2274.969970703125 2416.5400390625 2417.340087890625 0
